0 0.678066 0.415551 0.186321 0.509217
0 0.472877 0.392863 0.183962 0.509217
1 0.818396 0.401686 0.117925 0.506697
1 0.311910 0.389081 0.121462 0.446195
2 0.932783 0.362612 0.108491 0.529384
2 0.205189 0.334882 0.110849 0.504176
3 0.128538 0.312195 0.073113 0.438633
4 0.077830 0.284465 0.042453 0.378132
5 0.029481 0.197495 0.051887 0.310068
0 0.629127 0.868048 0.112028 0.259650
0 0.523585 0.846424 0.103774 0.307152
1 0.738797 0.853986 0.107311 0.292028
1 0.411557 0.842642 0.117925 0.314715
2 0.846108 0.853986 0.109670 0.292028
2 0.300118 0.833819 0.126179 0.332362
3 0.938090 0.853986 0.095519 0.292028
3 0.203420 0.816173 0.109670 0.367654
4 0.977594 0.801245 0.044811 0.287380
4 0.144458 0.753348 0.107311 0.312589
5 0.084906 0.662597 0.103774 0.282338