0 0.668632 0.475643 0.191038 0.350129
0 0.474646 0.468032 0.182783 0.414065
1 0.822524 0.452809 0.119104 0.414065
1 0.328420 0.478688 0.102594 0.356218
2 0.926887 0.433019 0.089623 0.417110
2 0.223467 0.443675 0.107311 0.407976
3 0.981722 0.460420 0.036556 0.362307
3 0.138561 0.458898 0.074292 0.359262
4 0.073113 0.414751 0.073113 0.368396
5 0.019458 0.410184 0.036557 0.267925
0 0.551297 0.891231 0.104953 0.200943
0 0.432193 0.892753 0.112028 0.210077
1 0.663325 0.868396 0.109670 0.191810
1 0.291863 0.874485 0.123821 0.216166
2 0.771226 0.847084 0.101415 0.197899
2 0.185731 0.836428 0.086085 0.170497
3 0.865566 0.830339 0.089623 0.158319
3 0.123231 0.795326 0.069575 0.130918