0 0.570755 0.373754 0.143868 0.469340
0 0.426297 0.379695 0.142689 0.463399
1 0.684552 0.349990 0.100236 0.398048
1 0.311321 0.385636 0.094340 0.374283
2 0.766509 0.312858 0.080189 0.406959
2 0.224646 0.367813 0.088443 0.386166
3 0.818986 0.311373 0.048349 0.320814
3 0.168632 0.352960 0.044811 0.297050
4 0.853774 0.305432 0.040094 0.279227
4 0.136792 0.351475 0.047170 0.282198
5 0.885613 0.321770 0.040094 0.193083
5 0.094929 0.338108 0.055425 0.207935
7 0.923939 0.318799 0.036557 0.109909
7 0.051887 0.330681 0.028302 0.103968
0 0.527123 0.838637 0.068396 0.305962
0 0.455778 0.838637 0.069575 0.305962
1 0.599057 0.835667 0.075472 0.317844
1 0.385613 0.836887 0.070755 0.326226
2 0.675118 0.834182 0.090802 0.320814
2 0.308962 0.834182 0.080189 0.320814
3 0.752358 0.820814 0.080189 0.294080
3 0.238208 0.816359 0.073113 0.273286
4 0.812500 0.751008 0.063679 0.201994
4 0.179835 0.783683 0.067217 0.207935
5 0.861439 0.718332 0.064858 0.166348
5 0.127358 0.752493 0.056604 0.181201
7 0.896226 0.639614 0.047170 0.115850
6 0.102005 0.660407 0.050708 0.139614