0 0.573703 0.376689 0.137972 0.493246
0 0.438679 0.378074 0.134434 0.501559
1 0.687500 0.369761 0.091981 0.407343
1 0.322524 0.373918 0.095519 0.404572
2 0.770047 0.337894 0.073113 0.437825
2 0.231722 0.351749 0.086085 0.443367
3 0.835495 0.278316 0.055425 0.390717
3 0.162146 0.346207 0.074292 0.399030
4 0.879127 0.268618 0.048349 0.338067
4 0.113208 0.340665 0.058962 0.371320
5 0.918042 0.261690 0.043632 0.307586
5 0.070755 0.336508 0.047170 0.252165
0 0.554245 0.729997 0.089623 0.385175
0 0.460495 0.728611 0.090802 0.376862
1 0.642689 0.688431 0.084906 0.340838
1 0.373231 0.695359 0.083726 0.354694
2 0.716392 0.675961 0.062500 0.338067
2 0.289505 0.692588 0.086085 0.371320
3 0.783019 0.655178 0.068396 0.296502
3 0.212264 0.671805 0.070755 0.290960
4 0.834316 0.613613 0.050708 0.279875
4 0.148585 0.657950 0.056604 0.218912
6 0.886203 0.540180 0.045991 0.188431
6 0.090212 0.581746 0.050708 0.155178