0 0.600825 0.283779 0.178066 0.407233
0 0.419811 0.280870 0.179245 0.420807
1 0.759434 0.291536 0.136792 0.364570
1 0.258844 0.287657 0.142689 0.364570
2 0.847877 0.309958 0.080189 0.362631
2 0.152712 0.287657 0.090802 0.414990
3 0.892689 0.391405 0.054245 0.238522
3 0.105542 0.366195 0.048349 0.238522
4 0.912146 0.422432 0.029481 0.160954
4 0.073703 0.373952 0.036557 0.203616
5 0.935142 0.420493 0.023585 0.157075
6 0.951651 0.442794 0.016509 0.100839
6 0.041274 0.357469 0.028302 0.147379
0 0.573113 0.825786 0.110849 0.277306
0 0.444575 0.829665 0.110849 0.277306
1 0.687500 0.815121 0.110849 0.302516
1 0.316038 0.805425 0.122642 0.290881
2 0.771226 0.804455 0.066038 0.354874
2 0.226415 0.805425 0.089623 0.329665
3 0.824882 0.768580 0.053066 0.236583
3 0.146816 0.767610 0.074292 0.246279
4 0.876179 0.726887 0.063679 0.203616
4 0.106722 0.729796 0.057783 0.193920
5 0.899175 0.655136 0.060142 0.149319
5 0.079599 0.673559 0.041274 0.135744