0 0.657429 0.611232 0.145047 0.440808
0 0.507075 0.613292 0.150943 0.428449
1 0.783019 0.693626 0.103774 0.424329
1 0.372642 0.683327 0.115566 0.477885
2 0.870283 0.736883 0.091981 0.420210
2 0.275354 0.728643 0.097877 0.510843
3 0.937500 0.776020 0.054245 0.407850
3 0.202830 0.755150 0.068396 0.489700
4 0.979363 0.769840 0.041274 0.436688
4 0.150943 0.761601 0.056604 0.436688
5 0.096108 0.843995 0.053066 0.255421
0 0.673939 0.298135 0.095519 0.333696
0 0.579599 0.304314 0.095519 0.337815
1 0.764741 0.320793 0.100236 0.428449
1 0.471108 0.343451 0.114387 0.416090
2 0.859080 0.341392 0.083726 0.453167
2 0.349646 0.337272 0.128538 0.346055
3 0.913325 0.347571 0.034198 0.391372
3 0.244693 0.359930 0.081368 0.292499
4 0.947524 0.339332 0.041274 0.341935
5 0.982901 0.333152 0.029481 0.321337