0 0.665094 0.694941 0.212264 0.610117
0 0.445165 0.694941 0.222877 0.610117
1 0.852005 0.773597 0.159198 0.452806
1 0.254717 0.769306 0.160377 0.461387
2 0.965802 0.810779 0.068396 0.378442
2 0.130307 0.826510 0.109670 0.346980
3 0.044811 0.877545 0.061321 0.237396
0 0.669811 0.110566 0.141509 0.221132
0 0.527712 0.119146 0.137972 0.238292
1 0.808373 0.132466 0.135613 0.263137
1 0.389741 0.152039 0.135613 0.304077
2 0.923349 0.203971 0.110849 0.400426
2 0.252948 0.221132 0.135613 0.434748
3 0.166863 0.379872 0.130896 0.414727
3 0.978184 0.321238 0.043632 0.303180
4 0.102594 0.570075 0.146226 0.291739