0 0.608491 0.403180 0.162736 0.484098
0 0.445165 0.389978 0.163915 0.492900
1 0.735259 0.382643 0.095519 0.413684
1 0.306014 0.392912 0.109670 0.369675
2 0.814269 0.378242 0.083726 0.422486
2 0.219340 0.376775 0.087264 0.425420
3 0.877948 0.375308 0.055425 0.322732
3 0.147406 0.354770 0.058962 0.352072
4 0.915684 0.331299 0.024764 0.246450
4 0.104953 0.366506 0.025943 0.193639
5 0.939858 0.288757 0.021226 0.149630
5 0.076651 0.312228 0.033019 0.202441
6 0.962264 0.250616 0.021226 0.102688
6 0.049528 0.240347 0.023585 0.111489
0 0.570755 0.777256 0.101415 0.399014
0 0.472288 0.774322 0.097877 0.399014
1 0.673349 0.765521 0.101415 0.422486
1 0.372642 0.743516 0.099057 0.419552
2 0.767099 0.756719 0.081368 0.381411
2 0.278892 0.746450 0.083726 0.390213
3 0.831368 0.698040 0.077830 0.328600
3 0.201061 0.693639 0.071934 0.331534
4 0.887382 0.651097 0.045991 0.246450
4 0.146226 0.659899 0.056604 0.252318
5 0.919811 0.541075 0.037736 0.143763
5 0.094929 0.558679 0.038915 0.173102
6 0.948703 0.466260 0.036557 0.134961
6 0.062500 0.464793 0.049528 0.126159
7 0.040684 0.362105 0.031840 0.108555