0 0.557193 0.273965 0.206368 0.547930
0 0.343160 0.273965 0.221698 0.547930
1 0.719929 0.273869 0.119104 0.420309
1 0.153892 0.251843 0.156840 0.503686
2 0.824882 0.228493 0.088443 0.456986
2 0.037146 0.232180 0.074292 0.464360
3 0.873821 0.292304 0.042453 0.299869
4 0.899764 0.298449 0.042453 0.243337
5 0.955189 0.245603 0.070755 0.255626
0 0.531250 0.760446 0.135613 0.479107
0 0.387382 0.766687 0.149764 0.462094
1 0.654481 0.744566 0.110849 0.398187
1 0.248231 0.734734 0.128538 0.388355
2 0.760024 0.749481 0.142689 0.471925
2 0.122052 0.751939 0.121462 0.462094
3 0.843160 0.715070 0.110849 0.294953
3 0.047170 0.680659 0.094340 0.255626
4 0.917453 0.695407 0.108491 0.221215
5 0.961675 0.598318 0.076650 0.223673