0 0.553656 0.540170 0.149764 0.390546
0 0.397406 0.539055 0.162736 0.370461
1 0.674528 0.581457 0.094340 0.361534
1 0.265330 0.569182 0.101415 0.359302
2 0.764151 0.591499 0.084906 0.390546
2 0.163325 0.604889 0.100236 0.372692
3 0.834906 0.593731 0.054245 0.261108
3 0.081958 0.611584 0.062500 0.261108
4 0.885024 0.609353 0.041274 0.194157
4 0.027123 0.649523 0.047170 0.180767
5 0.919811 0.649523 0.028302 0.136133
0 0.528892 0.207649 0.095519 0.310205
0 0.437500 0.224386 0.089623 0.312437
1 0.620283 0.218807 0.089623 0.336985
1 0.343750 0.218807 0.097877 0.328058
2 0.711085 0.235545 0.091981 0.343680
2 0.241745 0.244471 0.101415 0.352607
3 0.778892 0.295800 0.076651 0.241023
3 0.160967 0.317001 0.083726 0.305742
4 0.834906 0.364983 0.056604 0.182999
4 0.086675 0.401806 0.067217 0.238791
5 0.878538 0.437513 0.049528 0.136133
5 0.033019 0.474336 0.047170 0.151755