0 0.568396 0.425785 0.139151 0.463518
0 0.428656 0.428389 0.133255 0.468726
1 0.684552 0.416671 0.095519 0.424457
1 0.317217 0.432295 0.087264 0.419249
2 0.777712 0.415369 0.090802 0.432269
2 0.224057 0.415369 0.096698 0.442685
3 0.833726 0.429691 0.068396 0.346336
3 0.159198 0.407557 0.070755 0.364564
4 0.883255 0.412765 0.054245 0.302068
4 0.110259 0.390631 0.045991 0.315088
5 0.923349 0.372402 0.058962 0.294256
5 0.076061 0.356778 0.036557 0.299464
6 0.970519 0.243503 0.042453 0.276027
6 0.048939 0.260429 0.043632 0.278631
0 0.518278 0.772121 0.083726 0.359356
0 0.433962 0.770819 0.084906 0.361960
1 0.607311 0.770819 0.091981 0.330712
1 0.346698 0.798162 0.089623 0.343732
2 0.707547 0.790350 0.106132 0.406229
2 0.260613 0.797524 0.077830 0.404952
3 0.784198 0.731759 0.073113 0.263007
3 0.196344 0.727853 0.074292 0.338524
4 0.840802 0.707021 0.047170 0.213531
4 0.141509 0.709625 0.056604 0.260403
5 0.889151 0.645826 0.080189 0.195302
5 0.086675 0.645826 0.062500 0.242175
7 0.953420 0.486980 0.050708 0.179678
7 0.043042 0.503906 0.055425 0.187490