0 0.517099 0.378263 0.107311 0.282860
0 0.403892 0.374682 0.100236 0.304343
1 0.606722 0.344248 0.062500 0.300763
1 0.317807 0.346038 0.069575 0.304343
2 0.678066 0.326345 0.080189 0.322246
2 0.254127 0.349619 0.076651 0.354470
3 0.739976 0.295911 0.055425 0.311504
3 0.204009 0.337087 0.047170 0.343729
4 0.780071 0.281589 0.048349 0.290021
4 0.167453 0.351409 0.042453 0.315085
5 0.816038 0.270848 0.042453 0.239894
5 0.136792 0.315604 0.037736 0.250635
6 0.839623 0.267267 0.021226 0.182606
0 0.509434 0.695138 0.066038 0.286441
0 0.450472 0.695138 0.054245 0.286441
1 0.572524 0.686186 0.062500 0.282860
1 0.390920 0.696928 0.064858 0.311504
2 0.640330 0.666494 0.073113 0.307924
2 0.323703 0.693347 0.067217 0.318665
3 0.700472 0.650381 0.068396 0.311504
3 0.267689 0.711250 0.063679 0.340148
4 0.755896 0.639640 0.063679 0.297182
4 0.223467 0.689767 0.060142 0.282860
5 0.801887 0.575191 0.066038 0.218411
5 0.178066 0.643220 0.058962 0.239894
7 0.833726 0.462405 0.044811 0.150381
7 0.130307 0.521483 0.048349 0.146801