0 0.622052 0.360107 0.192217 0.442995
0 0.415684 0.353748 0.218160 0.442995
1 0.778302 0.343150 0.122642 0.387885
1 0.239387 0.332552 0.136792 0.353972
2 0.887972 0.304998 0.101415 0.426038
2 0.116156 0.271084 0.109670 0.383646
3 0.956958 0.295459 0.060142 0.300982
3 0.033019 0.229752 0.066038 0.279786
4 0.988797 0.279562 0.022406 0.197122
0 0.584906 0.742693 0.110849 0.152611
0 0.471698 0.749052 0.113208 0.156850
1 0.691627 0.718318 0.107311 0.146252
1 0.344340 0.737394 0.139151 0.163209
2 0.797170 0.679106 0.108491 0.127176
2 0.204599 0.690763 0.135613 0.150491
3 0.094929 0.647312 0.083726 0.097501
4 0.045991 0.573126 0.091981 0.148371
5 0.041863 0.455489 0.083726 0.103860