0 0.567807 0.791949 0.156840 0.416102
0 0.406250 0.791949 0.170991 0.416102
1 0.679245 0.750110 0.103774 0.307098
1 0.280071 0.743778 0.102594 0.313429
2 0.784788 0.785617 0.109670 0.428766
2 0.160377 0.769106 0.120283 0.440068
3 0.862028 0.742195 0.061321 0.367251
3 0.084906 0.713702 0.073113 0.310264
4 0.920991 0.740613 0.054245 0.319761
4 0.031840 0.705787 0.061321 0.269106
5 0.967571 0.769106 0.050708 0.281770
0 0.544222 0.259387 0.086085 0.414740
0 0.453420 0.259387 0.093160 0.427404
1 0.637382 0.279966 0.100236 0.417906
1 0.349646 0.278383 0.112028 0.427404
2 0.735259 0.276800 0.095519 0.531880
2 0.241745 0.264136 0.101415 0.525548
3 0.831958 0.287881 0.097877 0.421072
3 0.162146 0.336953 0.086085 0.392578
4 0.892689 0.351200 0.080189 0.357753
4 0.097288 0.373362 0.055425 0.313429
5 0.945755 0.416102 0.070755 0.297600
5 0.034788 0.416102 0.067217 0.272272
6 0.978774 0.515830 0.042452 0.174127