0 0.704599 0.553954 0.182783 0.614752
0 0.533608 0.570304 0.159198 0.647452
1 0.856132 0.611179 0.120283 0.552623
1 0.396226 0.625893 0.113208 0.627832
2 0.958726 0.691293 0.082547 0.529733
2 0.293042 0.679848 0.090802 0.618022
3 0.240566 0.673308 0.056604 0.395665
4 0.196344 0.715817 0.050708 0.317186
0 0.677476 0.228593 0.097877 0.212547
0 0.573113 0.218783 0.099057 0.232167
1 0.793632 0.287453 0.117925 0.277947
1 0.468160 0.256388 0.103774 0.287756
2 0.903892 0.370837 0.086085 0.248517
2 0.376769 0.307072 0.076651 0.232167