0 0.529481 0.508328 0.129717 0.399728
0 0.403302 0.509993 0.117925 0.403059
1 0.636792 0.473351 0.084906 0.349762
1 0.300118 0.490007 0.081368 0.349762
2 0.719929 0.428382 0.081368 0.359755
2 0.230542 0.460027 0.074292 0.356424
3 0.784788 0.385078 0.060142 0.286472
3 0.172170 0.418389 0.056604 0.279809
4 0.841392 0.335112 0.055425 0.246499
4 0.129717 0.388409 0.056604 0.246499
5 0.886792 0.286812 0.035377 0.149898
6 0.080189 0.336778 0.037736 0.163222
0 0.522995 0.781475 0.081368 0.253161
0 0.442807 0.778144 0.076651 0.246499
1 0.604953 0.731509 0.082547 0.266485
1 0.361439 0.741502 0.079009 0.226512
2 0.688679 0.686540 0.084906 0.263154
2 0.281840 0.713188 0.077830 0.223181
3 0.761203 0.621584 0.067217 0.226512
3 0.216392 0.649898 0.053066 0.196533
4 0.816627 0.544969 0.060142 0.179877
4 0.171580 0.586608 0.036557 0.149898