0 0.601415 0.433532 0.129717 0.380561
0 0.468750 0.420499 0.128538 0.375348
1 0.711085 0.419196 0.089623 0.351889
1 0.356722 0.403556 0.090802 0.336249
2 0.793042 0.441352 0.074292 0.328429
2 0.274764 0.398343 0.066038 0.341462
3 0.847877 0.417893 0.037736 0.239806
3 0.216981 0.389220 0.047170 0.255445
4 0.882665 0.380097 0.031840 0.205920
4 0.172170 0.343605 0.040094 0.216346
5 0.914505 0.324056 0.034198 0.192887
5 0.126179 0.290170 0.049528 0.245019
6 0.939858 0.294080 0.018868 0.179854
6 0.080189 0.291473 0.037736 0.221560
0 0.580189 0.750232 0.075472 0.268478
0 0.501769 0.754142 0.081368 0.297150
1 0.659198 0.746322 0.084906 0.344069
1 0.417453 0.735896 0.091981 0.323216
2 0.748231 0.751535 0.090802 0.323216
2 0.329599 0.738502 0.088443 0.328429
3 0.804835 0.717650 0.062500 0.224166
3 0.264741 0.677248 0.067217 0.263265
4 0.841981 0.647272 0.033019 0.172034
4 0.207547 0.622509 0.056604 0.190281
5 0.890920 0.570378 0.055425 0.169428
5 0.149764 0.557345 0.080189 0.221560
6 0.919811 0.480451 0.037736 0.109476
6 0.100236 0.489574 0.054245 0.138149
7 0.050708 0.436139 0.040094 0.135542