0 0.616156 0.395010 0.192217 0.496315
0 0.419811 0.390920 0.198113 0.509950
1 0.788325 0.351378 0.133255 0.458137
1 0.260613 0.393647 0.120283 0.444502
2 0.915684 0.332289 0.119104 0.409051
2 0.149764 0.332289 0.101415 0.458137
3 0.987028 0.310473 0.025943 0.289063
3 0.087854 0.303656 0.048349 0.417232
4 0.054245 0.249116 0.042453 0.357238
0 0.570755 0.881578 0.122642 0.236844
0 0.461675 0.877487 0.095519 0.245025
1 0.701061 0.850420 0.135613 0.289063
1 0.359670 0.854308 0.110849 0.291384
2 0.827830 0.831128 0.120283 0.337743
2 0.247642 0.838149 0.108491 0.308152
3 0.945165 0.828604 0.109670 0.310879
3 0.170991 0.821787 0.063679 0.259065
4 0.139741 0.765883 0.064858 0.289063
5 0.085495 0.693617 0.045991 0.237249