0 0.576651 0.644297 0.216981 0.711406
0 0.372052 0.639923 0.187500 0.720154
1 0.755896 0.670583 0.143868 0.542367
1 0.207547 0.635592 0.141509 0.536535
2 0.869693 0.736149 0.121462 0.527702
2 0.073703 0.690995 0.121462 0.519039
3 0.965212 0.782804 0.069575 0.434391
0 0.521226 0.183662 0.117925 0.367324
0 0.396226 0.183662 0.132075 0.367324
1 0.649175 0.212822 0.135613 0.425643
1 0.261203 0.220069 0.128538 0.387822
2 0.781840 0.259477 0.129717 0.518954
2 0.135613 0.253645 0.115566 0.507290
3 0.898585 0.291509 0.101415 0.390738
3 0.047759 0.281304 0.095518 0.434477
4 0.965802 0.411063 0.068396 0.303259