0 0.592571 0.221379 0.192217 0.442758
0 0.396816 0.217910 0.196934 0.435820
1 0.747052 0.193626 0.133255 0.387252
1 0.226415 0.174545 0.139151 0.349090
2 0.867335 0.197095 0.109670 0.394190
2 0.094340 0.165873 0.125000 0.331745
3 0.956958 0.178015 0.086084 0.356029
3 0.025354 0.158934 0.050708 0.317868
0 0.530071 0.769948 0.102594 0.460104
0 0.425118 0.768213 0.107311 0.463574
1 0.635613 0.775152 0.108491 0.449696
1 0.312500 0.759540 0.120283 0.480920
2 0.747642 0.769948 0.113208 0.460104
2 0.193396 0.748046 0.113208 0.492623
3 0.850236 0.773417 0.089623 0.453166
3 0.089033 0.759540 0.095519 0.480920
4 0.915684 0.716823 0.095519 0.430178
4 0.027123 0.738725 0.054245 0.522550
5 0.972288 0.652644 0.055424 0.371202