0 0.565448 0.463450 0.149764 0.375035
0 0.410377 0.458683 0.141509 0.384570
1 0.687500 0.425311 0.091981 0.343252
1 0.280660 0.417365 0.113208 0.308292
2 0.780071 0.336319 0.088443 0.419531
2 0.185731 0.344265 0.079009 0.409996
3 0.846698 0.336319 0.070755 0.362322
3 0.116745 0.345854 0.058962 0.336896
4 0.902123 0.314072 0.058962 0.305113
4 0.065448 0.283878 0.048349 0.295578
0 0.526533 0.689107 0.093160 0.286044
0 0.432193 0.692285 0.090802 0.273331
1 0.630307 0.665270 0.107311 0.289222
1 0.339623 0.673215 0.094340 0.260618
2 0.728184 0.676394 0.076651 0.247905
2 0.245873 0.663681 0.093160 0.228835
3 0.801297 0.627131 0.064858 0.251083
3 0.166274 0.622363 0.070755 0.228835
4 0.860259 0.603294 0.043632 0.190696
4 0.103774 0.576278 0.051887 0.174804