0 0.548939 0.496237 0.147406 0.417650
0 0.395637 0.498119 0.149764 0.421413
1 0.661557 0.447323 0.073113 0.402600
1 0.285377 0.441679 0.070755 0.406362
2 0.206368 0.428510 0.082547 0.357448
3 0.765920 0.385240 0.107311 0.331110
3 0.149764 0.402172 0.030660 0.327348
4 0.839033 0.332564 0.038915 0.263383
4 0.124410 0.357021 0.022406 0.214469
6 0.884434 0.272362 0.044811 0.158030
5 0.092571 0.306225 0.038915 0.188131
0 0.528302 0.740807 0.080189 0.071490
0 0.443986 0.737045 0.074292 0.079015
1 0.610259 0.706944 0.081368 0.131692
1 0.362618 0.712588 0.079009 0.120404
2 0.684552 0.676843 0.067217 0.109116
2 0.274175 0.690012 0.076651 0.120404
3 0.742335 0.599709 0.062500 0.180606
3 0.194575 0.667436 0.066038 0.135454