0 0.590212 0.380356 0.175708 0.616100
0 0.416274 0.383106 0.169811 0.599597
1 0.732311 0.381731 0.108491 0.525335
1 0.275354 0.372104 0.109670 0.555590
2 0.836675 0.370729 0.097877 0.525335
2 0.178066 0.373479 0.094340 0.492330
3 0.903892 0.351476 0.069575 0.393314
3 0.106722 0.355602 0.050708 0.385062
4 0.943396 0.344600 0.047170 0.291547
4 0.056604 0.323971 0.047170 0.360308
5 0.975236 0.262086 0.040094 0.291547
5 0.017099 0.235957 0.031840 0.354808
0 0.545401 0.725537 0.090802 0.365809
0 0.449882 0.724161 0.093160 0.368560
1 0.646226 0.743414 0.103774 0.357558
1 0.350825 0.732413 0.100236 0.341055
2 0.746462 0.731037 0.101415 0.354808
2 0.251179 0.717285 0.096698 0.272294
3 0.831368 0.722786 0.068396 0.266793
3 0.167453 0.658151 0.070755 0.242039
4 0.883255 0.655400 0.035377 0.231037
4 0.107311 0.607267 0.049528 0.211784
5 0.929245 0.585264 0.058962 0.200783