0 0.559552 0.365632 0.142689 0.445004
0 0.386792 0.377190 0.141509 0.450784
1 0.679245 0.341070 0.094340 0.343867
1 0.262382 0.352628 0.107311 0.361205
2 0.767689 0.300615 0.080189 0.372763
2 0.159788 0.359853 0.093160 0.358315
3 0.831958 0.265939 0.060142 0.297633
3 0.086675 0.303505 0.071934 0.303412
4 0.877948 0.234153 0.029481 0.187826
4 0.035967 0.278943 0.029481 0.248509
6 0.910967 0.148909 0.031840 0.161820
6 0.009434 0.234153 0.018868 0.176268
0 0.531250 0.663265 0.083726 0.109806
0 0.443986 0.673378 0.090802 0.124254
1 0.615566 0.615586 0.082547 0.153151
1 0.350825 0.653151 0.095519 0.147372
2 0.691627 0.565017 0.069575 0.115586
2 0.257075 0.611251 0.089623 0.138703