0 0.561910 0.305064 0.123821 0.257316
0 0.437500 0.314161 0.120283 0.259915
1 0.661557 0.280372 0.070755 0.233924
1 0.333137 0.298566 0.083726 0.228725
2 0.736439 0.298566 0.074292 0.249519
2 0.245873 0.318059 0.088443 0.226126
3 0.801887 0.298566 0.056604 0.228725
3 0.184552 0.331055 0.036557 0.241721
4 0.851415 0.301165 0.040094 0.233924
4 0.146816 0.350549 0.036557 0.228725
5 0.890330 0.310262 0.040094 0.189738
5 0.114387 0.353148 0.028302 0.197536
0 0.528302 0.813198 0.075472 0.129958
0 0.451061 0.813198 0.079009 0.103966
1 0.606132 0.795004 0.080189 0.129958
1 0.372642 0.796303 0.075472 0.101367
2 0.684552 0.759915 0.076651 0.137755
2 0.307193 0.771611 0.055425 0.072776