0 0.564858 0.440774 0.139151 0.473808
0 0.428656 0.431800 0.130896 0.470219
1 0.682193 0.370780 0.095519 0.470219
1 0.311321 0.415648 0.096698 0.416377
2 0.773585 0.345653 0.082547 0.477398
2 0.216981 0.374369 0.089623 0.427145
3 0.830189 0.370780 0.056604 0.362535
3 0.149175 0.383343 0.064858 0.358946
4 0.870873 0.370780 0.043632 0.355356
4 0.108491 0.390522 0.042453 0.301514
5 0.903302 0.374369 0.037736 0.276388
5 0.074882 0.345653 0.027123 0.218957
0 0.544222 0.697420 0.079009 0.297925
0 0.452830 0.686652 0.091981 0.297925
1 0.633255 0.690241 0.082547 0.326641
1 0.356132 0.674089 0.089623 0.308693
2 0.721108 0.656141 0.083726 0.308693
2 0.265920 0.684857 0.086085 0.308693
3 0.791863 0.695625 0.057783 0.315872
3 0.188679 0.675883 0.066038 0.262030
4 0.840212 0.670499 0.038915 0.258441
4 0.129127 0.657936 0.053066 0.240494
5 0.874410 0.639989 0.031840 0.197420