0 0.675118 0.408654 0.253538 0.817308
0 0.437500 0.412048 0.252358 0.824095
1 0.885613 0.369627 0.167453 0.739253
1 0.234670 0.350962 0.153302 0.701923
2 0.103184 0.281391 0.130896 0.562782
2 0.978184 0.452489 0.043632 0.437783
3 0.031840 0.226810 0.063679 0.414027
0 0.636203 0.859446 0.149764 0.281108
0 0.478184 0.854355 0.147406 0.291290
1 0.787146 0.830600 0.149764 0.338800
1 0.331368 0.805430 0.139151 0.383484
2 0.916863 0.812217 0.107311 0.363122
2 0.204599 0.768100 0.112028 0.356335
3 0.116745 0.690045 0.106132 0.342760
3 0.976415 0.810520 0.047170 0.305430
4 0.051297 0.601810 0.076651 0.295249