0 0.522406 0.394017 0.117925 0.377474
0 0.408608 0.395469 0.107311 0.362956
1 0.619693 0.378047 0.071934 0.333920
1 0.311910 0.370788 0.081368 0.342631
2 0.688679 0.357721 0.066038 0.333920
2 0.242335 0.337396 0.060142 0.339727
3 0.741156 0.328685 0.053066 0.275847
3 0.193396 0.311263 0.042453 0.252618
4 0.780071 0.315618 0.041274 0.197448
4 0.161557 0.274967 0.030660 0.209063
5 0.817217 0.257545 0.030660 0.139375
5 0.130896 0.222701 0.023585 0.174219
0 0.491156 0.838275 0.071934 0.220677
0 0.422170 0.826661 0.063679 0.220677
1 0.561321 0.822305 0.066038 0.223581
1 0.354363 0.796172 0.069575 0.206159
2 0.630307 0.780202 0.062500 0.180026
2 0.285377 0.733744 0.061321 0.174219
3 0.681014 0.700352 0.043632 0.130664
3 0.247642 0.626309 0.051887 0.133568
4 0.714623 0.633568 0.051887 0.136472
4 0.213443 0.550814 0.049528 0.116146