0 0.514151 0.344415 0.198113 0.494681
0 0.327830 0.331117 0.174528 0.500000
1 0.680425 0.336436 0.134434 0.526596
1 0.169811 0.329787 0.134434 0.481383
2 0.783608 0.347074 0.093160 0.505319
2 0.066038 0.339096 0.108491 0.473404
3 0.855542 0.377660 0.071934 0.449468
4 0.903302 0.369681 0.042453 0.353723
5 0.928656 0.333777 0.029481 0.250000
6 0.956958 0.244681 0.027123 0.215426
0 0.460495 0.831782 0.123821 0.336436
0 0.351415 0.825798 0.117925 0.340426
1 0.580189 0.831117 0.113208 0.335106
1 0.239387 0.817154 0.106132 0.365691
2 0.679245 0.823803 0.106132 0.352394
2 0.157429 0.791888 0.107311 0.416223
3 0.768868 0.813830 0.087264 0.364362
3 0.072524 0.779255 0.088443 0.390957
4 0.821934 0.783245 0.056604 0.319149
4 0.031250 0.715426 0.062500 0.364362
5 0.866156 0.744681 0.067217 0.284574
6 0.913325 0.632979 0.062500 0.236702