0 0.829599 0.702423 0.227594 0.595153
0 0.492925 0.714450 0.235849 0.568079
1 0.962854 0.660482 0.074292 0.494229
1 0.290684 0.713030 0.163915 0.559558
2 0.143868 0.732912 0.127358 0.502750
3 0.038915 0.762736 0.077830 0.448782
0 0.642099 0.216625 0.130896 0.433250
0 0.516509 0.206684 0.139151 0.413368
1 0.776533 0.203844 0.137972 0.407687
1 0.376179 0.210945 0.141509 0.421889
2 0.923349 0.229407 0.153302 0.458814
2 0.229363 0.250045 0.154481 0.491388
3 0.111439 0.262827 0.133255 0.488548
4 0.035377 0.342358 0.070754 0.352209