0 0.609080 0.302309 0.168632 0.482983
0 0.440448 0.307044 0.168632 0.482983
1 0.757665 0.297573 0.128538 0.435631
1 0.297170 0.333087 0.115566 0.440366
2 0.852594 0.305860 0.091981 0.414323
2 0.207547 0.339006 0.103774 0.428529
3 0.916863 0.303492 0.062500 0.385913
3 0.138561 0.335454 0.071934 0.397750
4 0.959906 0.325984 0.051887 0.340929
4 0.099646 0.347292 0.055425 0.359869
5 0.054835 0.307044 0.060142 0.397750
5 0.018868 0.281001 0.037736 0.317253
0 0.586675 0.741491 0.104953 0.480615
0 0.481132 0.737940 0.108491 0.482983
1 0.693396 0.756880 0.127358 0.445102
1 0.372052 0.730837 0.109670 0.440366
2 0.804835 0.710713 0.109670 0.485350
2 0.271226 0.717816 0.091981 0.419058
3 0.882665 0.688221 0.081368 0.355134
3 0.196344 0.696508 0.079009 0.319621
4 0.926297 0.630216 0.050708 0.243859
4 0.146226 0.637319 0.049528 0.201243
5 0.962854 0.600621 0.045991 0.179935
5 0.100236 0.646789 0.049528 0.234389
7 0.038325 0.559189 0.067217 0.172832