0 0.557193 0.195875 0.152123 0.335317
0 0.402123 0.182878 0.153302 0.330118
1 0.681604 0.167282 0.108491 0.314522
1 0.281840 0.140177 0.091981 0.280354
2 0.795401 0.173781 0.116745 0.322320
2 0.185142 0.151874 0.094340 0.303748
3 0.864976 0.208872 0.062500 0.340516
3 0.102594 0.145188 0.066038 0.285929
4 0.909788 0.225768 0.057783 0.311923
4 0.042453 0.155585 0.049528 0.285929
5 0.955778 0.247862 0.060142 0.257336
5 0.009434 0.178979 0.018868 0.207949
0 0.547170 0.814522 0.094340 0.142965
0 0.450472 0.813223 0.099057 0.155961
1 0.643868 0.775532 0.099057 0.148163
1 0.348467 0.784630 0.100236 0.166359
2 0.725825 0.745639 0.069575 0.103974
2 0.251179 0.731343 0.091981 0.163760