0 0.580778 0.291889 0.152123 0.494898
0 0.423349 0.299503 0.162736 0.494898
1 0.692807 0.304579 0.093160 0.423836
1 0.304835 0.329958 0.090802 0.378153
2 0.778892 0.269047 0.079009 0.433988
2 0.218160 0.307116 0.084906 0.398457
3 0.826061 0.314730 0.048349 0.357850
3 0.169811 0.365489 0.047170 0.276636
4 0.858491 0.350261 0.051887 0.236029
4 0.145047 0.385793 0.033019 0.205573
5 0.890920 0.340110 0.036557 0.215725
6 0.104953 0.360413 0.051887 0.236029
6 0.927476 0.293158 0.036557 0.142125
0 0.531840 0.748718 0.099057 0.393381
0 0.433373 0.751256 0.095519 0.388305
1 0.627948 0.729684 0.090802 0.385767
1 0.336675 0.722070 0.097877 0.365463
2 0.719929 0.708111 0.093160 0.383229
2 0.243514 0.677656 0.088443 0.337546
3 0.793042 0.651007 0.093160 0.324856
3 0.189269 0.648470 0.095519 0.269022
4 0.831958 0.629435 0.067217 0.271560
4 0.140330 0.605325 0.073113 0.228415
5 0.889741 0.597711 0.100236 0.238566
5 0.094929 0.585021 0.062500 0.192884
6 0.939858 0.488579 0.047170 0.187808