0 0.597877 0.479736 0.150943 0.518175
0 0.445755 0.485526 0.150943 0.518175
1 0.728774 0.429077 0.108491 0.492122
1 0.313679 0.463815 0.110849 0.468963
2 0.824292 0.374075 0.082547 0.497911
2 0.210495 0.391444 0.095519 0.486332
3 0.889151 0.339337 0.047170 0.382118
3 0.130307 0.340784 0.064858 0.437120
4 0.928656 0.235123 0.029481 0.289483
4 0.079009 0.294467 0.040094 0.280799
5 0.959906 0.155515 0.033019 0.217113
5 0.043632 0.201832 0.030660 0.199744
0 0.538915 0.754745 0.089623 0.315537
0 0.444575 0.761982 0.096698 0.324221
1 0.641509 0.741719 0.101415 0.295273
1 0.343750 0.756193 0.090802 0.301063
2 0.738797 0.761982 0.090802 0.347380
2 0.251179 0.735929 0.091981 0.318432
3 0.814858 0.696849 0.058962 0.246061
3 0.166863 0.699744 0.071934 0.280799
4 0.866156 0.610004 0.038915 0.170795
4 0.104953 0.592635 0.049528 0.222902
6 0.922759 0.468157 0.045991 0.170795
6 0.054245 0.465262 0.087264 0.228692