0 0.704599 0.468229 0.170991 0.587771
0 0.527123 0.471406 0.183962 0.543291
1 0.852005 0.422160 0.126179 0.559177
1 0.375000 0.390389 0.117925 0.514697
2 0.957547 0.411040 0.084906 0.492457
2 0.268868 0.357029 0.091981 0.473394
3 0.198703 0.290309 0.048349 0.276411
4 0.149764 0.210880 0.049528 0.257348
5 0.093160 0.133040 0.058962 0.235108
2 0.334906 0.647737 0.094340 0.203337
3 0.255896 0.631851 0.063679 0.209691
4 0.193986 0.504766 0.057783 0.241463
5 0.135613 0.404686 0.063679 0.219223
7 0.081958 0.272834 0.041274 0.139794