0 0.469340 0.395244 0.191038 0.512142
0 0.283019 0.381941 0.176887 0.518793
1 0.627358 0.315429 0.125000 0.465584
1 0.135613 0.288825 0.143868 0.425676
2 0.738208 0.282173 0.099057 0.465584
2 0.046580 0.245592 0.093160 0.359164
3 0.822524 0.220650 0.069575 0.375792
4 0.868514 0.187394 0.036557 0.335885
5 0.903302 0.117556 0.030660 0.222815
0 0.460495 0.724478 0.121462 0.259397
0 0.346108 0.702861 0.102594 0.249420
1 0.577830 0.694547 0.108491 0.272699
1 0.237618 0.624710 0.116745 0.266048
2 0.684552 0.647989 0.102594 0.246094
2 0.119693 0.548221 0.114387 0.206187