0 0.583726 0.492958 0.134434 0.405597
0 0.449882 0.497183 0.133255 0.402780
1 0.695165 0.435217 0.086085 0.391513
1 0.333726 0.454934 0.094340 0.357714
2 0.772995 0.390151 0.067217 0.346447
2 0.242925 0.411276 0.084906 0.371797
3 0.835495 0.350718 0.057783 0.295748
3 0.176297 0.357760 0.062500 0.315464
4 0.872642 0.298610 0.035377 0.214065
4 0.130896 0.302835 0.049528 0.256315
2 0.727594 0.608441 0.073113 0.202798
2 0.307783 0.643649 0.080189 0.199982
3 0.791863 0.556333 0.055425 0.177449
3 0.235259 0.609849 0.062500 0.199982
4 0.841392 0.518308 0.043632 0.140832
4 0.175118 0.525350 0.048349 0.171815