0 0.590212 0.316477 0.159198 0.487437
0 0.431014 0.337032 0.159198 0.463946
1 0.710495 0.251877 0.102594 0.381728
1 0.301297 0.297391 0.097877 0.355300
2 0.796580 0.260686 0.095519 0.399346
2 0.206368 0.309136 0.103774 0.396410
3 0.856722 0.275368 0.050708 0.387601
3 0.164505 0.354650 0.069575 0.375855
4 0.887382 0.276836 0.036557 0.361173
4 0.128538 0.385482 0.030660 0.296573
5 0.912146 0.284177 0.024764 0.205546
5 0.105542 0.366395 0.024764 0.234909
0 0.559552 0.798041 0.097877 0.364110
0 0.461085 0.795105 0.096698 0.364110
1 0.658019 0.774550 0.099057 0.381728
1 0.372642 0.780423 0.103774 0.381728
2 0.731132 0.743719 0.075472 0.331810
2 0.284788 0.755464 0.069575 0.372919
3 0.801887 0.733441 0.066038 0.281891
3 0.227005 0.799510 0.067217 0.249591
4 0.842571 0.670309 0.064858 0.231973
4 0.187500 0.748123 0.051887 0.199673
5 0.878538 0.596900 0.049528 0.155627
5 0.153892 0.679118 0.043632 0.161500