0 0.615566 0.582252 0.167453 0.595942
0 0.446344 0.566733 0.166274 0.589734
1 0.757665 0.572941 0.116745 0.490410
1 0.298939 0.521727 0.123821 0.512137
2 0.879127 0.531039 0.128538 0.543176
2 0.173939 0.503104 0.121462 0.493514
3 0.962264 0.541902 0.075472 0.453164
3 0.087264 0.507760 0.075472 0.453164
4 0.037146 0.526383 0.041274 0.366256
0 0.587264 0.864704 0.087264 0.254517
0 0.481722 0.865619 0.090802 0.268762
1 0.692807 0.865619 0.095519 0.268762
1 0.380896 0.854755 0.110849 0.290489
2 0.802476 0.839236 0.112028 0.321528
2 0.259434 0.846081 0.120283 0.291763
3 0.903892 0.838321 0.090802 0.270036
3 0.156250 0.822802 0.086085 0.257621
4 0.092571 0.776244 0.041274 0.164505