0 0.712854 0.767766 0.222877 0.464468
0 0.498231 0.767766 0.206368 0.464468
1 0.889741 0.799034 0.135613 0.401932
1 0.325472 0.796191 0.141509 0.407617
2 0.978184 0.835987 0.043632 0.328026
2 0.195755 0.821774 0.117925 0.356451
3 0.106132 0.867255 0.075472 0.265490
4 0.040094 0.927803 0.056604 0.136442
0 0.653302 0.357873 0.132075 0.343948
0 0.523585 0.360715 0.127358 0.332578
1 0.781250 0.357873 0.140330 0.349633
1 0.394458 0.391983 0.128538 0.252987
2 0.916863 0.367822 0.128538 0.329736
2 0.274175 0.416145 0.109670 0.181923
3 0.985259 0.386298 0.029481 0.270042
3 0.182193 0.464468 0.107311 0.193293
4 0.132665 0.581013 0.112028 0.181923
5 0.053066 0.660604 0.075472 0.125072