0 0.745283 0.339252 0.238208 0.653448
0 0.498821 0.321226 0.252358 0.642452
1 0.931014 0.340559 0.135613 0.525372
1 0.281250 0.272600 0.175708 0.514917
2 0.143278 0.265029 0.128538 0.530058
2 0.044811 0.216404 0.089622 0.428662
0 0.686321 0.830374 0.167453 0.339252
0 0.514741 0.815998 0.170991 0.368004
1 0.854953 0.825146 0.172170 0.349707
1 0.334906 0.792474 0.188679 0.415052
2 0.969929 0.825417 0.060142 0.345020
2 0.182193 0.767643 0.145047 0.464714
3 0.075472 0.740469 0.148585 0.483551
4 0.033019 0.604552 0.066038 0.274448