0 0.715212 0.225914 0.239387 0.451828
0 0.487618 0.227216 0.237028 0.454431
1 0.905071 0.202479 0.170991 0.404957
1 0.298349 0.186855 0.139151 0.373710
2 0.181604 0.177741 0.089623 0.355482
3 0.104363 0.164722 0.064858 0.329443
4 0.056604 0.132173 0.054245 0.264345
0 0.653302 0.760392 0.162736 0.471309
0 0.507075 0.763671 0.150943 0.472658
1 0.810731 0.758463 0.152123 0.483074
1 0.353774 0.761067 0.155660 0.477866
2 0.943396 0.754557 0.113208 0.490886
2 0.217571 0.749349 0.119104 0.501302
3 0.123821 0.674462 0.101415 0.450478
4 0.073703 0.562494 0.086085 0.341113
5 0.038325 0.442714 0.076650 0.304658
6 0.016509 0.266949 0.033018 0.166651
5 0.015920 0.081396 0.031840 0.162792