0 0.538325 0.321922 0.168632 0.417990
0 0.369693 0.314502 0.163915 0.427883
1 0.678656 0.347891 0.109670 0.375943
1 0.234670 0.329341 0.106132 0.383363
2 0.775354 0.394884 0.088443 0.366050
2 0.153302 0.404777 0.091981 0.356157
3 0.829009 0.514840 0.063679 0.234965
3 0.106132 0.493817 0.070755 0.262171
4 0.859670 0.579146 0.068396 0.230018
4 0.074882 0.551940 0.045991 0.200338
5 0.888561 0.676842 0.062500 0.183025
5 0.062500 0.595223 0.061321 0.192918
6 0.932783 0.666949 0.040094 0.163239
0 0.545401 0.706522 0.112028 0.356157
0 0.436321 0.708995 0.108491 0.346264
1 0.652712 0.717651 0.104953 0.378417
1 0.326061 0.712705 0.109670 0.373470
2 0.737028 0.742385 0.084906 0.413043
2 0.225236 0.737438 0.089623 0.388310
3 0.805425 0.757224 0.066038 0.284431
3 0.146226 0.730018 0.084906 0.284431
4 0.855542 0.806691 0.034198 0.220125
4 0.099057 0.758461 0.037736 0.217651
5 0.905071 0.877180 0.060142 0.178078
5 0.068396 0.770828 0.042453 0.148399
6 0.928656 0.825241 0.048349 0.123666