0 0.591392 0.285904 0.185142 0.494681
0 0.406840 0.277926 0.181604 0.521277
1 0.740566 0.273936 0.132075 0.486702
1 0.248231 0.275266 0.130896 0.457447
2 0.856722 0.288564 0.100236 0.452128
2 0.147406 0.272606 0.091981 0.452128
3 0.927476 0.303191 0.081368 0.422872
3 0.058962 0.239362 0.080189 0.417553
4 0.978184 0.293883 0.043632 0.335106
4 0.010613 0.256649 0.021226 0.265957
0 0.545991 0.806516 0.115566 0.386968
0 0.426297 0.804521 0.126179 0.388298
1 0.657429 0.799867 0.109670 0.400266
1 0.321934 0.787899 0.120283 0.424202
2 0.757075 0.782580 0.103774 0.434840
2 0.231132 0.753324 0.103774 0.493351
3 0.849057 0.767287 0.101415 0.457447
3 0.145637 0.732713 0.081368 0.452128
4 0.905660 0.716755 0.066038 0.345745
4 0.094929 0.650266 0.074292 0.393617
5 0.948703 0.662234 0.067217 0.305851
5 0.040094 0.587766 0.080188 0.332447
6 0.978184 0.563830 0.043632 0.188830