0 0.567217 0.440314 0.143868 0.389379
0 0.427476 0.423261 0.135613 0.434854
1 0.694575 0.396260 0.113208 0.386537
1 0.307783 0.394839 0.101415 0.378010
2 0.807783 0.418998 0.110849 0.392221
2 0.205189 0.335154 0.089623 0.378010
3 0.885613 0.406208 0.066038 0.332535
3 0.136792 0.339417 0.047170 0.301271
4 0.928066 0.404787 0.040094 0.272849
4 0.097877 0.353628 0.030660 0.250112
5 0.951651 0.406208 0.025943 0.139267
5 0.074292 0.329469 0.018868 0.156320
2 0.743514 0.662004 0.095519 0.241585
2 0.262972 0.630740 0.084906 0.235901
3 0.829599 0.684742 0.069575 0.224532
3 0.186910 0.637846 0.067217 0.221690
4 0.885024 0.662004 0.045991 0.167689
4 0.139741 0.573897 0.041274 0.162004
5 0.923349 0.623635 0.037736 0.130740