0 0.582547 0.244762 0.169811 0.358548
0 0.419811 0.240711 0.150943 0.362600
1 0.718750 0.262993 0.102594 0.257264
1 0.300118 0.260968 0.088443 0.241058
2 0.816038 0.286289 0.089623 0.259289
2 0.210495 0.265019 0.081368 0.249161
3 0.886203 0.274135 0.071934 0.206621
3 0.149764 0.258942 0.073113 0.204595
4 0.942217 0.256916 0.054245 0.172184
4 0.099646 0.249826 0.062500 0.170159
6 0.987618 0.213364 0.022406 0.129645
6 0.041274 0.193107 0.042453 0.121542
0 0.541863 0.534437 0.093160 0.297778
0 0.451061 0.533424 0.088443 0.291700
1 0.641509 0.523296 0.103774 0.279546
1 0.361439 0.521270 0.090802 0.307906
2 0.751769 0.524308 0.116745 0.297778
2 0.265330 0.523296 0.099057 0.328163
3 0.865566 0.496961 0.108491 0.243084
3 0.166863 0.489872 0.097877 0.257264
4 0.936321 0.440242 0.077830 0.166107
4 0.086675 0.430113 0.097877 0.214724
5 0.984080 0.373394 0.031840 0.133696