0 0.519458 0.459328 0.109670 0.483996
0 0.411557 0.471530 0.101415 0.475862
1 0.613208 0.418656 0.075472 0.483996
1 0.322524 0.438992 0.071934 0.427055
2 0.686321 0.377984 0.061321 0.516534
2 0.254717 0.418656 0.066038 0.451458
3 0.738797 0.343413 0.043632 0.447391
3 0.200472 0.377984 0.044811 0.394518
4 0.774764 0.337312 0.025943 0.321308
4 0.159198 0.341379 0.035377 0.345711
5 0.810142 0.278338 0.040094 0.317241
5 0.126769 0.292573 0.031840 0.313174
6 0.839623 0.201061 0.018868 0.260300
6 0.102594 0.243767 0.021226 0.223696