0 0.586675 0.442063 0.154481 0.702716
0 0.432193 0.415898 0.156840 0.680289
1 0.721698 0.449539 0.122642 0.598056
1 0.291863 0.380389 0.121462 0.594318
2 0.810731 0.428981 0.095519 0.549464
2 0.195755 0.324321 0.089623 0.564415
3 0.869104 0.451408 0.061321 0.407426
3 0.126769 0.307501 0.045991 0.373785
4 0.914505 0.428981 0.057783 0.295290
4 0.088443 0.314976 0.058962 0.321455
5 0.030071 0.305632 0.053066 0.272863
0 0.583726 0.791552 0.096698 0.220533
0 0.485849 0.793421 0.094340 0.239222
1 0.683962 0.800897 0.094340 0.284077
1 0.387382 0.799028 0.095519 0.280339
2 0.762382 0.812110 0.060142 0.246698
2 0.283608 0.782208 0.112028 0.306504
3 0.826651 0.756043 0.063679 0.216795
3 0.193396 0.705582 0.066038 0.265387