0 0.616745 0.256294 0.233491 0.512588
0 0.383255 0.263717 0.235849 0.493870
1 0.811321 0.254033 0.188679 0.455135
1 0.179245 0.259843 0.172170 0.459009
2 0.939269 0.270496 0.112028 0.484187
2 0.064858 0.284053 0.094340 0.457072
0 0.586085 0.873468 0.136792 0.253064
0 0.433962 0.873468 0.132075 0.253064
1 0.742335 0.857005 0.142689 0.285990
1 0.289505 0.859910 0.145047 0.280179
2 0.853184 0.841511 0.116745 0.316977
2 0.185731 0.843448 0.100236 0.313104
3 0.949882 0.842480 0.095519 0.315040
3 0.109080 0.848614 0.055425 0.276955
4 0.057193 0.790512 0.076651 0.183991
5 0.028892 0.705295 0.057783 0.141383
3 0.022406 0.393479 0.044811 0.273081