0 0.530071 0.411815 0.126179 0.318044
0 0.408019 0.413261 0.117925 0.320935
1 0.640330 0.380011 0.091981 0.254435
1 0.303656 0.391576 0.088443 0.260218
2 0.722288 0.362663 0.081368 0.323826
2 0.224057 0.384348 0.070755 0.303587
3 0.788915 0.351098 0.049528 0.289131
3 0.169222 0.371337 0.041274 0.254435
4 0.830189 0.313511 0.035377 0.260218
4 0.135024 0.345315 0.022406 0.208174
5 0.859670 0.297609 0.021226 0.193717
0 0.498821 0.812261 0.077830 0.228413
0 0.422170 0.799250 0.070755 0.219739
1 0.577830 0.803587 0.077830 0.228413
1 0.346698 0.803587 0.082547 0.239978
2 0.661557 0.783348 0.087264 0.234196
2 0.265330 0.779011 0.077830 0.225522
3 0.735259 0.744315 0.081368 0.208174
3 0.203420 0.728413 0.064858 0.182152
4 0.793042 0.696609 0.048349 0.153239
4 0.167453 0.656131 0.042453 0.118544