0 0.602594 0.355424 0.174528 0.428374
0 0.425118 0.360779 0.180425 0.439083
1 0.745873 0.489291 0.114387 0.474781
1 0.267099 0.521419 0.140330 0.439083
2 0.850825 0.549977 0.097877 0.531897
2 0.152123 0.587460 0.089623 0.471211
3 0.920991 0.612448 0.073113 0.492630
3 0.080778 0.635652 0.071934 0.453362
4 0.967571 0.662425 0.048349 0.364118
4 0.022406 0.665995 0.044811 0.356978
0 0.588443 0.076981 0.103774 0.142791
0 0.483491 0.069841 0.094340 0.135652
1 0.691038 0.126958 0.099057 0.214187
1 0.367335 0.135882 0.116745 0.232036
2 0.793042 0.212633 0.102594 0.242745
2 0.267689 0.232266 0.101415 0.182059
3 0.160967 0.280458 0.093160 0.171349
3 0.859670 0.251900 0.063679 0.157070