0 0.572524 0.752723 0.229953 0.494553
0 0.359670 0.834421 0.195755 0.331158
1 0.755896 0.810819 0.136792 0.378361
1 0.182783 0.799926 0.158019 0.400147
2 0.883844 0.805373 0.116745 0.389254
2 0.053066 0.814082 0.099057 0.348577
3 0.966981 0.854023 0.066038 0.283219
0 0.537736 0.431011 0.150943 0.482924
0 0.395047 0.427380 0.129717 0.482924
1 0.692217 0.458243 0.158019 0.392149
1 0.249410 0.445535 0.159198 0.432090
2 0.819575 0.519971 0.096698 0.326791
2 0.126179 0.512709 0.087264 0.355839
3 0.924528 0.592591 0.110849 0.370363
3 0.041863 0.559912 0.083726 0.472031