0 0.574882 0.589995 0.232311 0.567969
0 0.337854 0.571996 0.239387 0.571968
1 0.778302 0.607994 0.169811 0.603967
1 0.131486 0.707989 0.175708 0.459975
2 0.908019 0.615994 0.136792 0.763958
2 0.028892 0.705989 0.057783 0.575968
3 0.977005 0.482001 0.045990 0.407977
0 0.536557 0.208016 0.125000 0.275985
0 0.397406 0.206016 0.136792 0.287984
1 0.655660 0.232015 0.108491 0.347981
1 0.252358 0.302011 0.139151 0.439976
2 0.780071 0.202016 0.137972 0.295984
2 0.120283 0.308011 0.125000 0.347981
3 0.911557 0.206016 0.122642 0.271985
3 0.028302 0.336009 0.056604 0.291984