0 0.540094 0.326447 0.127358 0.402527
0 0.408608 0.326447 0.135613 0.408361
1 0.638561 0.332280 0.088443 0.344190
1 0.302476 0.304570 0.095519 0.352940
2 0.723467 0.301653 0.102594 0.370441
2 0.212854 0.262276 0.086085 0.355857
3 0.795401 0.310404 0.071934 0.288769
3 0.149175 0.262276 0.060142 0.280019
4 0.847288 0.285611 0.060142 0.280019
4 0.107311 0.241858 0.042453 0.262518
5 0.893868 0.279777 0.051887 0.227515
5 0.078420 0.215606 0.031840 0.210014
6 0.934552 0.237482 0.027123 0.131259
0 0.545401 0.787311 0.074292 0.280019
0 0.468160 0.787311 0.077830 0.280019
1 0.620283 0.785852 0.077830 0.288769
1 0.390330 0.794603 0.080189 0.282936
2 0.698703 0.819396 0.076651 0.344190
2 0.317807 0.810646 0.067217 0.332522
3 0.770047 0.800437 0.084906 0.282936
3 0.244693 0.785852 0.076651 0.265434
4 0.830189 0.755225 0.066038 0.250850
4 0.194575 0.731890 0.058962 0.227515
5 0.889741 0.683762 0.071934 0.247933
5 0.152712 0.642926 0.069575 0.189596
6 0.919811 0.575838 0.042453 0.177929
6 0.117925 0.545211 0.058962 0.128342
7 0.928066 0.472290 0.040094 0.087506
7 0.124410 0.454789 0.043632 0.081672