0 0.676887 0.363837 0.183962 0.610010
0 0.503538 0.298479 0.158019 0.479293
1 0.825472 0.360206 0.113208 0.479293
1 0.360849 0.314819 0.127358 0.519234
2 0.939269 0.338420 0.114387 0.530127
2 0.247052 0.298479 0.097877 0.457507
3 0.181014 0.276693 0.071934 0.377625
4 0.133844 0.249460 0.041274 0.228754
0 0.655071 0.717861 0.116745 0.432090
0 0.536557 0.732385 0.120283 0.395780
1 0.778892 0.741462 0.128538 0.319529
1 0.409198 0.719676 0.136792 0.392149
2 0.886203 0.708783 0.083726 0.319529
2 0.311321 0.672473 0.091981 0.355839
3 0.965212 0.623454 0.069575 0.315898
3 0.221108 0.645240 0.086085 0.424828
4 0.166274 0.594406 0.040094 0.279588
6 0.127358 0.405594 0.047170 0.199706