0 0.714033 0.418424 0.201651 0.388457
0 0.516509 0.432667 0.191038 0.422124
1 0.883844 0.409360 0.142689 0.442841
1 0.348467 0.414539 0.142689 0.354791
2 0.971698 0.343322 0.056604 0.367740
2 0.239387 0.375694 0.096698 0.277100
3 0.173939 0.321310 0.055425 0.183870
4 0.129127 0.268220 0.041274 0.082871
0 0.663915 0.880688 0.134434 0.230485
0 0.536557 0.876804 0.120283 0.243433
1 0.787736 0.849612 0.141509 0.292638
1 0.412736 0.852941 0.127358 0.294118
2 0.903892 0.828339 0.112028 0.343322
2 0.313090 0.820570 0.090802 0.358860
3 0.976415 0.713651 0.047170 0.290048
3 0.238797 0.718831 0.102594 0.362560
4 0.167453 0.599704 0.063679 0.284869
5 0.111439 0.490936 0.071934 0.274510