0 0.632075 0.278710 0.235849 0.481631
0 0.364976 0.304744 0.239387 0.476424
1 0.825472 0.276107 0.150943 0.439976
1 0.166863 0.298236 0.156840 0.416546
2 0.949292 0.265693 0.101415 0.372288
2 0.052476 0.316460 0.104952 0.359271
0 0.555425 0.723893 0.153302 0.393115
0 0.402712 0.734307 0.154481 0.377495
1 0.705778 0.714781 0.147406 0.380098
1 0.268868 0.709575 0.132075 0.385305
2 0.849646 0.703066 0.154481 0.481631
2 0.143278 0.697859 0.116745 0.492045
3 0.945165 0.622360 0.109670 0.424356
3 0.051887 0.662713 0.103774 0.333237