0 0.667453 0.319055 0.240566 0.631382
0 0.423939 0.330206 0.239387 0.660412
1 0.868514 0.299407 0.159198 0.598814
1 0.238797 0.328038 0.126179 0.608282
2 0.966392 0.295956 0.067216 0.503052
2 0.119104 0.301089 0.139151 0.590316
3 0.031840 0.281840 0.063679 0.536418
0 0.665094 0.899504 0.143868 0.200992
0 0.511792 0.902071 0.160377 0.195858
1 0.809552 0.890521 0.135613 0.218958
1 0.350825 0.909770 0.159198 0.180459
2 0.933962 0.878971 0.132075 0.242057
2 0.207547 0.908487 0.122642 0.183026
3 0.104953 0.893088 0.108491 0.213824
4 0.042453 0.866138 0.084906 0.267723