0 0.538915 0.494370 0.129717 0.360310
0 0.405660 0.518766 0.132075 0.409102
1 0.647406 0.453085 0.087264 0.390336
1 0.290094 0.483110 0.096698 0.427868
2 0.729953 0.417429 0.075472 0.394089
2 0.203420 0.428689 0.071934 0.439128
3 0.773585 0.378020 0.047170 0.352804
3 0.160967 0.379897 0.043632 0.341544
4 0.816038 0.336734 0.037736 0.315272
4 0.124410 0.349871 0.031840 0.326531
6 0.855542 0.323598 0.031840 0.243960
5 0.090212 0.325475 0.036557 0.247713
0 0.514151 0.717687 0.073113 0.086324
0 0.438679 0.740207 0.066038 0.078818
1 0.594929 0.700798 0.079009 0.097584
2 0.670991 0.685785 0.066038 0.112597
3 0.735849 0.670772 0.058962 0.112597
4 0.786557 0.618227 0.042453 0.150129
3 0.210495 0.713934 0.064858 0.116350
4 0.158608 0.633240 0.053066 0.157636