0 0.723467 0.388914 0.220519 0.580262
0 0.504127 0.391528 0.215802 0.590717
1 0.908608 0.357548 0.152123 0.496620
1 0.339033 0.395448 0.114387 0.436503
2 0.216392 0.324876 0.133255 0.478324
3 0.133255 0.276521 0.073113 0.376386
4 0.072524 0.173276 0.050708 0.159441
0 0.706958 0.844750 0.147406 0.310500
0 0.561321 0.844750 0.143868 0.310500
1 0.856722 0.823840 0.147406 0.352320
1 0.414505 0.829067 0.145047 0.341866
2 0.959316 0.806850 0.079009 0.386300
2 0.289505 0.815998 0.107311 0.368004
3 0.211085 0.780983 0.106132 0.402524
4 0.162736 0.671203 0.066038 0.287517
6 0.090212 0.605859 0.086085 0.277062