0 0.569575 0.293950 0.176887 0.468519
0 0.396816 0.313573 0.168632 0.453802
1 0.721698 0.295176 0.125000 0.402289
1 0.264151 0.303761 0.094340 0.355682
2 0.825472 0.251022 0.077830 0.436631
2 0.180425 0.247343 0.068396 0.424366
3 0.879127 0.291497 0.048349 0.277187
3 0.148585 0.327065 0.037736 0.230580
4 0.931014 0.269420 0.050708 0.242845
4 0.116156 0.328291 0.034198 0.218315
5 0.071934 0.281685 0.051887 0.233033
5 0.972288 0.251022 0.029481 0.166803
0 0.538915 0.739166 0.127358 0.417007
0 0.419811 0.748978 0.110849 0.417007
1 0.650354 0.683974 0.095519 0.331152
1 0.317217 0.701144 0.091981 0.331152
2 0.750000 0.699918 0.106132 0.402289
2 0.229953 0.688880 0.108491 0.380212
3 0.828420 0.660670 0.109670 0.260016
3 0.169811 0.664350 0.094340 0.228127
4 0.929245 0.641046 0.113208 0.250204
4 0.108491 0.659444 0.084906 0.188880
5 0.950472 0.552739 0.070755 0.161897
5 0.072524 0.584628 0.088443 0.142273
6 0.060142 0.544154 0.082547 0.139820