0 0.587854 0.393352 0.133255 0.458428
0 0.453420 0.393352 0.133255 0.458428
1 0.704009 0.355149 0.099057 0.407492
1 0.337264 0.383801 0.096698 0.426593
2 0.780660 0.316947 0.070755 0.382024
2 0.240566 0.355149 0.094340 0.426593
3 0.834906 0.307396 0.056604 0.299252
3 0.162146 0.315355 0.062500 0.353372
4 0.876769 0.285112 0.045991 0.191012
4 0.122642 0.296254 0.037736 0.213297
5 0.089623 0.273969 0.025943 0.168727
0 0.545991 0.737173 0.082547 0.318353
0 0.460495 0.738765 0.088443 0.327904
1 0.630896 0.708521 0.087264 0.324720
1 0.373821 0.722847 0.087264 0.321537
2 0.709906 0.678278 0.070755 0.315170
2 0.292453 0.710113 0.075472 0.372473
3 0.774175 0.633708 0.055425 0.232398
3 0.228184 0.641667 0.053066 0.248315
4 0.813090 0.570038 0.038915 0.200562
4 0.178656 0.555712 0.055425 0.191012
5 0.856132 0.485674 0.042453 0.159177
5 0.124410 0.490449 0.045991 0.162360
6 0.091392 0.410861 0.024764 0.105057