0 0.711675 0.193885 0.196934 0.387770
0 0.508255 0.204088 0.209906 0.408176
1 0.882075 0.137042 0.141509 0.274084
1 0.324882 0.151651 0.154481 0.303165
2 0.975825 0.113721 0.048349 0.227442
2 0.178066 0.113721 0.136792 0.227442
3 0.071934 0.058335 0.075472 0.116670
0 0.693986 0.836723 0.123821 0.326554
0 0.561321 0.857128 0.141509 0.285744
1 0.823703 0.817775 0.135613 0.364450
1 0.421580 0.830893 0.135613 0.338214
2 0.945165 0.772592 0.109670 0.454816
2 0.281840 0.759439 0.139151 0.387702
3 0.172170 0.629720 0.127358 0.297335
4 0.071344 0.500000 0.074292 0.218629
5 0.030071 0.365908 0.060142 0.189478
6 0.029481 0.207037 0.058962 0.116602
7 0.017689 0.099181 0.035377 0.093282