0 0.561321 0.271671 0.132075 0.477281
0 0.422170 0.262833 0.143868 0.465496
1 0.670401 0.268725 0.086085 0.441927
1 0.305425 0.258413 0.091981 0.397734
2 0.760024 0.267252 0.093160 0.474335
2 0.219929 0.261359 0.090802 0.403627
3 0.816627 0.307025 0.053066 0.383003
3 0.158019 0.264306 0.054245 0.327026
4 0.857311 0.342379 0.054245 0.324080
4 0.123231 0.280510 0.045991 0.294618
5 0.892099 0.342379 0.043632 0.276941
5 0.087264 0.271671 0.042453 0.282833
6 0.919222 0.364476 0.038915 0.268102
6 0.058962 0.246629 0.033019 0.262210
0 0.528892 0.744533 0.083726 0.368273
0 0.446934 0.743060 0.082547 0.365326
1 0.606722 0.716544 0.079009 0.383003
1 0.370283 0.715071 0.077830 0.385950
2 0.687500 0.718017 0.077830 0.427196
2 0.288325 0.691502 0.083726 0.427196
3 0.749410 0.682663 0.071934 0.374165
3 0.215212 0.664986 0.076651 0.409519
4 0.798349 0.682663 0.049528 0.309349
4 0.173939 0.631105 0.055425 0.347649
5 0.851415 0.666459 0.061321 0.271049
5 0.129717 0.609009 0.061321 0.279887
6 0.880307 0.604589 0.041274 0.159094
6 0.100825 0.544193 0.043632 0.185609