0 0.653892 0.410681 0.232311 0.821362
0 0.428066 0.406155 0.219340 0.812309
1 0.840212 0.414002 0.178066 0.742300
1 0.241156 0.415511 0.149764 0.691003
2 0.957547 0.392879 0.084906 0.718160
2 0.092571 0.379301 0.145047 0.745318
3 0.017689 0.445685 0.035377 0.455640
0 0.599646 0.865115 0.145047 0.226311
0 0.459316 0.863606 0.135613 0.223294
1 0.746462 0.842484 0.148585 0.229329
1 0.314269 0.831923 0.152123 0.220276
2 0.875000 0.807783 0.108491 0.268556
2 0.190448 0.792696 0.097877 0.244416
3 0.965802 0.767047 0.068396 0.229329
3 0.080189 0.733855 0.110849 0.223294