0 0.535967 0.430525 0.135613 0.454126
0 0.403302 0.435609 0.127358 0.443959
1 0.652123 0.379690 0.094340 0.420236
1 0.288915 0.371218 0.094340 0.403291
2 0.741745 0.384774 0.082547 0.403291
2 0.202241 0.355967 0.076651 0.433792
3 0.810731 0.345800 0.053066 0.352456
3 0.147406 0.328855 0.054245 0.318566
4 0.853774 0.313605 0.056604 0.281287
4 0.114387 0.286493 0.040094 0.254175
5 0.890920 0.276326 0.036557 0.199951
5 0.084906 0.240741 0.028302 0.183006
7 0.935142 0.217018 0.044811 0.223674
0 0.504717 0.660978 0.066038 0.345678
0 0.434552 0.667756 0.064858 0.338900
1 0.590802 0.686395 0.077830 0.349067
1 0.354953 0.669450 0.073113 0.328733
2 0.672170 0.703340 0.082547 0.335511
2 0.278892 0.718591 0.079009 0.338900
3 0.748231 0.662672 0.069575 0.267731
3 0.209316 0.666061 0.057783 0.281287
4 0.807783 0.613532 0.051887 0.237230
4 0.162736 0.562697 0.042453 0.196562
5 0.847288 0.535585 0.045991 0.162672
5 0.129127 0.488138 0.034198 0.176228
7 0.905071 0.440692 0.038915 0.155894