0 0.531250 0.314894 0.116745 0.316320
0 0.415094 0.316066 0.113208 0.313977
1 0.633844 0.300836 0.086085 0.264771
1 0.316627 0.316066 0.081368 0.234311
2 0.716392 0.270375 0.076651 0.297575
2 0.247642 0.284434 0.056604 0.274144
3 0.774764 0.255145 0.056604 0.248370
3 0.203420 0.276233 0.050708 0.238997
4 0.818986 0.235229 0.045991 0.264771
4 0.162736 0.264518 0.044811 0.210880
5 0.867335 0.219998 0.038915 0.178076
5 0.126179 0.218827 0.030660 0.133557
0 0.556604 0.777658 0.070755 0.243683
0 0.483491 0.780002 0.073113 0.238997
1 0.626179 0.755399 0.068396 0.231968
1 0.407429 0.787031 0.079009 0.243683
2 0.690448 0.741340 0.079009 0.264771
2 0.329599 0.787031 0.074292 0.281173
3 0.754717 0.731968 0.054245 0.236654
3 0.267099 0.764771 0.064858 0.246026
4 0.801297 0.705022 0.053066 0.238997
4 0.221108 0.702679 0.067217 0.224938
5 0.843160 0.637072 0.063679 0.220252
5 0.169811 0.625356 0.066038 0.210880
6 0.870283 0.512887 0.061321 0.154645
6 0.140330 0.523431 0.066038 0.133557
7 0.881486 0.410962 0.043632 0.119499
7 0.141509 0.421506 0.056604 0.079666