0 0.625000 0.586517 0.132075 0.553712
0 0.491745 0.603821 0.134434 0.519105
1 0.722877 0.566068 0.087264 0.493936
1 0.373231 0.603821 0.100236 0.437306
2 0.788325 0.561349 0.067217 0.484498
2 0.276533 0.583371 0.097877 0.484498
3 0.834316 0.566068 0.045991 0.393261
3 0.211085 0.628990 0.063679 0.380677
4 0.864387 0.581798 0.037736 0.324047
4 0.168042 0.654158 0.062500 0.317755
5 0.891509 0.523596 0.028302 0.207642
5 0.125000 0.633709 0.042453 0.239103
7 0.925708 0.500000 0.030660 0.185619
7 0.071934 0.595956 0.049528 0.201350