0 0.541863 0.413353 0.140330 0.394160
0 0.403892 0.411654 0.137972 0.390762
1 0.654481 0.358986 0.087264 0.346589
1 0.287736 0.381073 0.094340 0.349987
2 0.738208 0.365782 0.080189 0.339793
2 0.192217 0.372578 0.089623 0.319405
3 0.811321 0.331803 0.066038 0.271834
3 0.129127 0.360685 0.048349 0.282028
4 0.868514 0.289328 0.048349 0.261640
4 0.091981 0.333502 0.040094 0.268436
0 0.503538 0.722564 0.089623 0.210672
0 0.415094 0.719166 0.084906 0.217467
1 0.594340 0.685187 0.091981 0.244651
1 0.329599 0.690284 0.086085 0.234457
2 0.684552 0.639315 0.093160 0.248049
2 0.251769 0.664800 0.067217 0.210672
3 0.186910 0.622325 0.053066 0.152907
4 0.147406 0.579851 0.047170 0.142713