0 0.561321 0.624266 0.179245 0.608584
0 0.380896 0.616300 0.176887 0.618143
1 0.708137 0.664095 0.112028 0.567162
1 0.232901 0.652943 0.116745 0.614957
2 0.816038 0.728492 0.103774 0.543015
2 0.119693 0.680698 0.107311 0.638604
3 0.893278 0.732600 0.069575 0.474759
3 0.037736 0.710968 0.075472 0.578064
4 0.945755 0.793140 0.051887 0.398288
5 0.985849 0.875984 0.028302 0.200737
0 0.522995 0.218012 0.109670 0.165688
0 0.410967 0.210046 0.114387 0.143384
1 0.634434 0.245096 0.115566 0.168874
1 0.294811 0.227571 0.120283 0.127452
2 0.739976 0.319974 0.088443 0.172060
3 0.819575 0.362989 0.068396 0.156129
3 0.100825 0.297670 0.069575 0.114707
4 0.868514 0.447426 0.055425 0.172060
4 0.045991 0.369361 0.058962 0.156129