0 0.565448 0.426917 0.135613 0.248484
0 0.431014 0.416685 0.130896 0.228020
1 0.679835 0.409376 0.093160 0.242637
1 0.306014 0.387451 0.114387 0.228020
2 0.776533 0.425455 0.100236 0.257254
2 0.214033 0.377220 0.069575 0.230944
3 0.839033 0.412300 0.057783 0.242637
3 0.159788 0.345063 0.055425 0.254331
4 0.872642 0.406453 0.047170 0.213404
4 0.122052 0.327523 0.036557 0.213404
5 0.908019 0.385990 0.042453 0.178324
5 0.083137 0.309983 0.036557 0.172477
0 0.539505 0.703172 0.079009 0.233867
0 0.462264 0.684170 0.077830 0.230944
1 0.617925 0.704634 0.080189 0.236790
1 0.382665 0.657860 0.079009 0.190017
2 0.697524 0.682709 0.081368 0.239714
2 0.301297 0.630089 0.086085 0.204634
3 0.767099 0.669554 0.060142 0.195864
3 0.229363 0.616934 0.074292 0.178324
4 0.806604 0.630089 0.047170 0.128627
4 0.177476 0.583315 0.053066 0.152014
5 0.853184 0.589162 0.043632 0.093547
5 0.128538 0.532157 0.066038 0.137397