0 0.559552 0.372310 0.135613 0.304393
0 0.418042 0.361991 0.142689 0.283756
1 0.678066 0.356832 0.101415 0.278597
1 0.290684 0.360702 0.107311 0.317291
2 0.756486 0.324587 0.055425 0.208948
2 0.203420 0.314269 0.064858 0.260540
3 0.801887 0.292342 0.037736 0.128980
3 0.157429 0.280734 0.029481 0.167674
4 0.834316 0.251069 0.027123 0.067070
4 0.122052 0.249779 0.041274 0.126400
0 0.536557 0.729584 0.094340 0.255380
0 0.442217 0.742482 0.096698 0.270858
1 0.626179 0.706368 0.091981 0.276017
1 0.353774 0.717976 0.080189 0.288915
2 0.697524 0.672833 0.067217 0.291495
2 0.277712 0.692180 0.074292 0.299233
3 0.757075 0.585127 0.068396 0.255380
3 0.221108 0.600604 0.074292 0.276017
4 0.798939 0.503869 0.053066 0.232164
4 0.172759 0.518057 0.043632 0.219266
5 0.843160 0.438090 0.058962 0.203788
5 0.129717 0.436800 0.061321 0.196050