0 0.537146 0.433383 0.116745 0.368957
0 0.418042 0.433383 0.119104 0.375790
1 0.633255 0.412885 0.073113 0.348459
1 0.308373 0.435091 0.097877 0.379206
2 0.705189 0.382139 0.068396 0.348459
2 0.220519 0.406053 0.077830 0.314297
3 0.754717 0.339435 0.066038 0.263053
3 0.171580 0.385555 0.050708 0.245971
4 0.785377 0.339435 0.049528 0.215225
4 0.137382 0.365057 0.045991 0.232306
5 0.807783 0.329187 0.025943 0.153732
0 0.524764 0.704976 0.084906 0.208392
0 0.439269 0.718641 0.079009 0.187895
1 0.608491 0.686187 0.084906 0.225474
1 0.359080 0.720349 0.074292 0.184479
2 0.681604 0.645191 0.054245 0.218641
2 0.287146 0.686187 0.064858 0.218641
3 0.730542 0.578574 0.045991 0.194727
3 0.225236 0.621278 0.054245 0.191311
4 0.761792 0.537579 0.033019 0.119569
4 0.177476 0.581990 0.034198 0.126402