0 0.445165 0.293571 0.166274 0.548552
0 0.274764 0.296458 0.174528 0.560101
1 0.588443 0.270474 0.120283 0.485036
1 0.130307 0.274805 0.109670 0.522568
2 0.704009 0.237730 0.106132 0.475459
2 0.047170 0.244948 0.094340 0.489895
3 0.790684 0.208859 0.088443 0.417717
4 0.869104 0.181431 0.066038 0.362862
5 0.922170 0.132350 0.040094 0.264700
6 0.951061 0.097705 0.020047 0.195409
0 0.301297 0.745405 0.107311 0.424406
0 0.411557 0.749736 0.108491 0.438842
1 0.515920 0.703542 0.100236 0.415745
1 0.195165 0.726639 0.107311 0.404196
2 0.630896 0.697768 0.129717 0.479262
2 0.094340 0.742518 0.094340 0.505246
3 0.727005 0.612598 0.107311 0.412858
3 0.033019 0.694880 0.066038 0.531230
4 0.807193 0.566404 0.083726 0.320470
5 0.889151 0.469685 0.101415 0.306034
6 0.968750 0.348426 0.060142 0.242518