0 0.557193 0.525015 0.137972 0.368083
0 0.416274 0.546457 0.143868 0.353789
1 0.678656 0.428527 0.102594 0.360936
1 0.297170 0.467837 0.094340 0.368083
2 0.770047 0.369563 0.077830 0.407393
2 0.214033 0.382070 0.069575 0.403820
3 0.830778 0.324892 0.057783 0.396672
3 0.154481 0.339187 0.049528 0.375231
4 0.875000 0.315958 0.047170 0.264448
4 0.120283 0.292730 0.021226 0.246580
0 0.507075 0.789464 0.077830 0.182255
0 0.425708 0.794824 0.082547 0.157240
1 0.595519 0.734072 0.094340 0.192976
1 0.344340 0.744793 0.077830 0.192976
2 0.678656 0.666174 0.076651 0.142945
2 0.267689 0.680468 0.073113 0.228712
3 0.205189 0.648305 0.054245 0.135798