0 0.675118 0.508669 0.133255 0.430556
0 0.501769 0.523117 0.145047 0.430556
1 0.794222 0.524562 0.102594 0.352536
1 0.377358 0.552013 0.101415 0.326529
2 0.894458 0.537565 0.097877 0.355426
2 0.287736 0.579465 0.075472 0.340977
3 0.965212 0.579465 0.069575 0.294743
3 0.221108 0.631479 0.057783 0.271626
4 0.177476 0.663265 0.027123 0.184937
5 0.146816 0.722502 0.031840 0.153151
0 0.614976 0.225484 0.086085 0.112696
0 0.527712 0.231264 0.083726 0.112696
1 0.701061 0.241377 0.081368 0.144482
1 0.441627 0.278943 0.083726 0.156040
2 0.787736 0.284722 0.077830 0.138703
2 0.373821 0.333846 0.068396 0.144482