0 0.572524 0.296521 0.173349 0.430896
0 0.400943 0.281892 0.169811 0.433556
1 0.712264 0.332429 0.108491 0.364400
1 0.258255 0.292531 0.110849 0.332482
2 0.814858 0.312480 0.099057 0.393658
2 0.155071 0.339079 0.095519 0.372379
3 0.889741 0.336419 0.064858 0.297904
3 0.088443 0.352378 0.063679 0.313863
4 0.937500 0.288542 0.030660 0.202149
4 0.046580 0.345729 0.043632 0.210128
5 0.969340 0.255294 0.033019 0.183530
5 0.014741 0.295191 0.027123 0.135653
0 0.552476 0.803223 0.112028 0.321842
0 0.442807 0.795244 0.104953 0.337801
1 0.664505 0.804553 0.112028 0.335142
1 0.330189 0.773965 0.113208 0.337801
2 0.773585 0.740717 0.106132 0.281944
2 0.223467 0.708798 0.100236 0.319182
3 0.843160 0.683530 0.103774 0.289924
3 0.150354 0.664911 0.097877 0.268645
4 0.896226 0.623683 0.063679 0.148952
4 0.096108 0.632993 0.057783 0.188850
5 0.951061 0.570486 0.079009 0.212788
5 0.043042 0.566496 0.060142 0.167571