0 0.599057 0.260843 0.150943 0.402663
0 0.454009 0.238879 0.141509 0.417305
1 0.715212 0.248641 0.104953 0.422186
1 0.318986 0.237659 0.126179 0.361177
2 0.795991 0.269384 0.096698 0.444150
2 0.224057 0.274265 0.080189 0.356296
3 0.863208 0.325513 0.051887 0.341654
3 0.158019 0.314531 0.061321 0.290406
4 0.902712 0.396284 0.034198 0.248919
4 0.105542 0.362118 0.050708 0.278204
5 0.931604 0.451192 0.061321 0.246479
5 0.050118 0.364559 0.050708 0.287965
6 0.946344 0.552468 0.041274 0.200111
0 0.593750 0.717194 0.112028 0.500278
0 0.488208 0.702552 0.099057 0.490517
1 0.689269 0.702552 0.116745 0.466113
1 0.386792 0.687909 0.099057 0.534444
2 0.772406 0.664726 0.087264 0.434388
2 0.298939 0.648863 0.076651 0.466113
3 0.846108 0.667166 0.060142 0.351415
3 0.227594 0.614698 0.087264 0.309929
4 0.900354 0.661065 0.048349 0.246479
4 0.163915 0.573211 0.049528 0.217194
5 0.930425 0.767222 0.025943 0.185469
5 0.101415 0.653744 0.080189 0.270882
6 0.037146 0.702552 0.057783 0.329452