0 0.629717 0.305573 0.226415 0.611146
0 0.408019 0.296199 0.216981 0.592398
1 0.817217 0.297538 0.143868 0.595076
1 0.229953 0.284147 0.139151 0.568294
2 0.929835 0.300217 0.104953 0.600433
2 0.101415 0.280130 0.115566 0.560260
3 0.974057 0.367428 0.051886 0.401732
3 0.026533 0.266995 0.053066 0.506183
0 0.612618 0.749330 0.135613 0.501339
0 0.475825 0.745057 0.133255 0.498148
1 0.731132 0.747735 0.099057 0.466010
1 0.337854 0.737022 0.135613 0.492792
2 0.832547 0.773434 0.103774 0.453131
2 0.214033 0.782552 0.107311 0.433871
3 0.905660 0.755770 0.075472 0.321386
3 0.110259 0.739700 0.100236 0.374950
4 0.964033 0.790586 0.055425 0.391019
4 0.039505 0.696849 0.079009 0.332099