0 0.584906 0.358532 0.153302 0.508741
0 0.428066 0.357172 0.158019 0.506020
1 0.711675 0.393899 0.097877 0.383596
1 0.300708 0.376215 0.096698 0.369993
2 0.799528 0.368054 0.075472 0.429845
2 0.210495 0.347650 0.081368 0.383596
3 0.848467 0.374855 0.043632 0.269333
3 0.154481 0.353091 0.058962 0.301980
4 0.891509 0.361252 0.044811 0.269333
4 0.117925 0.310923 0.047170 0.304700
0 0.570755 0.755731 0.103774 0.301980
0 0.468160 0.758451 0.101415 0.301980
1 0.646226 0.733966 0.075472 0.258451
1 0.389151 0.717643 0.080189 0.231246
2 0.719929 0.701320 0.071934 0.220364
2 0.313090 0.672754 0.071934 0.212202
3 0.784198 0.680916 0.054245 0.206761
3 0.248231 0.636027 0.060142 0.214923
4 0.830189 0.626505 0.037736 0.195879
4 0.188679 0.596579 0.058962 0.217643
5 0.142689 0.546249 0.035377 0.144189