0 0.559552 0.415723 0.137972 0.502358
0 0.420991 0.427290 0.139151 0.499054
1 0.677476 0.414070 0.095519 0.426344
1 0.301887 0.423985 0.099057 0.419734
2 0.755896 0.410765 0.087264 0.439564
2 0.216981 0.428943 0.084906 0.449479
3 0.812500 0.443815 0.054245 0.340414
3 0.159788 0.443815 0.064858 0.347024
4 0.846698 0.453730 0.040094 0.241264
4 0.127948 0.471908 0.041274 0.257789
5 0.881486 0.432248 0.048349 0.244569
5 0.093160 0.448773 0.044811 0.244569
6 0.911557 0.433900 0.033019 0.201604
6 0.070165 0.420680 0.029481 0.175164
0 0.531840 0.711519 0.068396 0.347024
0 0.449292 0.709867 0.070755 0.350329
1 0.612618 0.699952 0.067217 0.343719
1 0.363208 0.703257 0.075472 0.350329
2 0.688679 0.703257 0.070755 0.370159
2 0.284198 0.678469 0.075472 0.353634
3 0.752948 0.714824 0.069575 0.267704
3 0.219929 0.703257 0.050708 0.231349
4 0.798349 0.691689 0.044811 0.214824
4 0.172170 0.709867 0.044811 0.191689
5 0.846108 0.666902 0.048349 0.178469
5 0.128538 0.660292 0.040094 0.171859
6 0.886203 0.665250 0.036557 0.168554
6 0.093160 0.635505 0.030660 0.142115