0 0.561321 0.435465 0.132075 0.357425
0 0.431604 0.428846 0.122642 0.370663
1 0.663325 0.410644 0.074292 0.354116
1 0.329009 0.395751 0.080189 0.350806
2 0.732901 0.389132 0.062500 0.350806
2 0.257665 0.374239 0.062500 0.373973
3 0.772995 0.347763 0.043632 0.321021
3 0.209316 0.326252 0.048349 0.324330
4 0.807193 0.291502 0.027123 0.274688
4 0.169811 0.289847 0.028302 0.277998
5 0.839623 0.269990 0.042453 0.238284
5 0.131486 0.241859 0.048349 0.241593
0 0.525943 0.720081 0.082547 0.218427
0 0.445755 0.730010 0.080189 0.211808
1 0.603184 0.678713 0.069575 0.182022
1 0.369693 0.698570 0.071934 0.234974
2 0.667453 0.660510 0.061321 0.178713
2 0.303656 0.673748 0.055425 0.198570
3 0.728184 0.627416 0.053066 0.132380
3 0.251179 0.629070 0.061321 0.195260
4 0.767099 0.557916 0.036557 0.099285
4 0.205778 0.569499 0.043632 0.168784
5 0.164505 0.495036 0.045991 0.158856