0 0.577830 0.337157 0.183962 0.564698
0 0.398585 0.339783 0.174528 0.569951
1 0.735849 0.313518 0.132075 0.501662
1 0.252358 0.338470 0.117925 0.483276
2 0.853774 0.304326 0.101415 0.478023
2 0.154481 0.331904 0.096698 0.464891
3 0.927476 0.253109 0.064858 0.307301
3 0.076061 0.305639 0.055425 0.370337
4 0.977005 0.179567 0.045990 0.344072
4 0.033019 0.282000 0.037736 0.307301
5 0.010024 0.215025 0.020047 0.210120
0 0.543042 0.725879 0.102594 0.375590
0 0.439269 0.716686 0.104953 0.372963
1 0.652123 0.714060 0.110849 0.372963
1 0.331368 0.735072 0.108491 0.414987
2 0.767689 0.704867 0.120283 0.459638
2 0.228184 0.735072 0.100236 0.430746
3 0.872052 0.614253 0.086085 0.283662
3 0.134434 0.735072 0.089623 0.346698
4 0.937500 0.528892 0.056604 0.191735
4 0.084906 0.598494 0.037736 0.199614
5 0.983491 0.465855 0.033018 0.165470
5 0.040094 0.556470 0.051887 0.225879