0 0.718750 0.268213 0.173349 0.536426
0 0.537736 0.266479 0.186321 0.532957
1 0.866745 0.235256 0.125000 0.470512
1 0.379717 0.212706 0.127358 0.425412
2 0.959316 0.233521 0.081368 0.467042
2 0.270047 0.205768 0.125000 0.411536
3 0.183373 0.193626 0.074292 0.387252
4 0.130307 0.202299 0.069575 0.404598
5 0.075472 0.171076 0.061321 0.342152
0 0.674528 0.809843 0.094340 0.380313
0 0.571934 0.806374 0.106132 0.387252
1 0.776533 0.815047 0.112028 0.369906
1 0.461085 0.802905 0.115566 0.394190
2 0.888561 0.808109 0.109670 0.383782
2 0.346108 0.786207 0.112028 0.416301
3 0.966392 0.813312 0.067216 0.373375
3 0.256486 0.789028 0.088443 0.421944
4 0.185731 0.778621 0.071934 0.442758
5 0.128538 0.742842 0.070755 0.447524
6 0.081368 0.609279 0.058962 0.346918