0 0.550118 0.480525 0.137972 0.447935
0 0.415684 0.470787 0.130896 0.482990
1 0.666863 0.433784 0.095519 0.471305
1 0.300708 0.433784 0.096698 0.518046
2 0.755307 0.420151 0.083726 0.444039
2 0.208137 0.410413 0.083726 0.502466
3 0.807193 0.379252 0.038915 0.385613
3 0.157429 0.437679 0.050708 0.416774
4 0.839033 0.383148 0.048349 0.346662
4 0.117925 0.420151 0.044811 0.381718
6 0.076061 0.369515 0.034198 0.225915
0 0.516509 0.796026 0.080189 0.354453
0 0.436321 0.792131 0.080189 0.370033
1 0.606132 0.794079 0.094340 0.334977
1 0.347288 0.772656 0.093160 0.331082
2 0.688679 0.755128 0.070755 0.257075
2 0.263561 0.749285 0.074292 0.292131
3 0.752948 0.696702 0.062500 0.210334
3 0.192807 0.755128 0.062500 0.241495
4 0.804835 0.649961 0.034198 0.186964
4 0.148585 0.704492 0.028302 0.179174