0 0.553066 0.360259 0.148585 0.312897
0 0.394458 0.355703 0.156840 0.297708
1 0.669222 0.372411 0.086085 0.282519
1 0.266509 0.360259 0.099057 0.318973
2 0.750000 0.345070 0.077830 0.331124
2 0.185142 0.343551 0.066038 0.328087
3 0.818986 0.366335 0.060142 0.300746
3 0.138561 0.361778 0.043632 0.322011
4 0.869693 0.343551 0.060142 0.285557
4 0.107311 0.360259 0.037736 0.258216
6 0.925118 0.317730 0.036557 0.191384
0 0.483491 0.712649 0.087264 0.179232
0 0.397995 0.697459 0.081368 0.191384
1 0.578420 0.711130 0.093160 0.200497
1 0.316038 0.686827 0.084906 0.176195
2 0.689858 0.709611 0.099057 0.203535
2 0.239976 0.671638 0.067217 0.133665
3 0.773585 0.683789 0.066038 0.157968