0 0.648585 0.585244 0.148585 0.421887
0 0.477594 0.593913 0.143868 0.404549
1 0.774175 0.573686 0.104953 0.312081
1 0.354953 0.582355 0.099057 0.358315
2 0.870873 0.567906 0.088443 0.317860
2 0.262972 0.543345 0.082547 0.413218
3 0.949882 0.521672 0.067217 0.271626
3 0.195755 0.500000 0.051887 0.303412
4 0.156250 0.481217 0.029481 0.225392
5 0.125000 0.381525 0.033019 0.187826
0 0.586675 0.872763 0.088443 0.112696
0 0.500000 0.872763 0.084906 0.124254
1 0.674528 0.853981 0.087264 0.115586
1 0.416274 0.843867 0.082547 0.147372
2 0.762382 0.812081 0.086085 0.147372
2 0.339623 0.804857 0.066038 0.132923