0 0.620873 0.334789 0.213443 0.668106
0 0.426297 0.269431 0.173349 0.530127
1 0.793042 0.298479 0.130896 0.537389
1 0.273585 0.290849 0.132075 0.581698
2 0.914505 0.283955 0.130896 0.537389
2 0.150354 0.272694 0.112028 0.545388
3 0.978774 0.274877 0.042452 0.344946
3 0.077830 0.222228 0.084906 0.442983
4 0.021816 0.182287 0.031840 0.246909
0 0.594340 0.721492 0.132075 0.417566
0 0.461675 0.736016 0.133255 0.403042
1 0.733491 0.730569 0.148585 0.363101
1 0.323113 0.725123 0.146226 0.381256
2 0.852594 0.657949 0.091981 0.305005
2 0.208726 0.667026 0.077830 0.344946
3 0.950472 0.583513 0.099056 0.352208
3 0.122642 0.621639 0.096698 0.442983
4 0.061321 0.581698 0.047170 0.290481
6 0.021816 0.394701 0.043632 0.199706