0 0.560142 0.424717 0.127358 0.401508
0 0.423939 0.423241 0.140330 0.422174
1 0.667453 0.389290 0.089623 0.336558
1 0.304245 0.421765 0.096698 0.301131
2 0.751769 0.333197 0.076651 0.330654
2 0.217571 0.383386 0.074292 0.366081
3 0.808373 0.314007 0.043632 0.280465
3 0.159198 0.389290 0.044811 0.283417
4 0.844340 0.275628 0.028302 0.245038
4 0.114387 0.350911 0.044811 0.283417
5 0.080778 0.285961 0.020047 0.206659
0 0.560142 0.774561 0.084906 0.250943
0 0.474646 0.790798 0.081368 0.259799
1 0.645637 0.762752 0.083726 0.262752
1 0.388561 0.786370 0.088443 0.274561
2 0.722877 0.696326 0.077830 0.247990
2 0.298349 0.767180 0.091981 0.283417
3 0.775354 0.659422 0.055425 0.215515
3 0.232311 0.750943 0.063679 0.191897
4 0.820755 0.581187 0.047170 0.129900
4 0.178066 0.683040 0.058962 0.144661