0 0.566627 0.342890 0.142689 0.471330
0 0.429245 0.342890 0.134434 0.477259
1 0.680425 0.333997 0.101415 0.412043
1 0.313090 0.347336 0.100236 0.391293
2 0.767689 0.298425 0.103774 0.459473
2 0.226415 0.313246 0.096698 0.429829
3 0.852005 0.288050 0.062500 0.343864
3 0.154481 0.331033 0.063679 0.311256
4 0.899175 0.280639 0.055425 0.299398
4 0.109670 0.323622 0.051887 0.296434
5 0.943396 0.277674 0.047170 0.287541
5 0.067807 0.308800 0.053066 0.302363
6 0.972288 0.253960 0.029481 0.234183
6 0.030071 0.274710 0.041274 0.275684
0 0.542453 0.797916 0.084906 0.391293
0 0.457547 0.796434 0.082547 0.394257
1 0.625590 0.783095 0.083726 0.409079
1 0.373821 0.778648 0.084906 0.388329
2 0.711085 0.754933 0.099057 0.429829
2 0.293042 0.771237 0.095519 0.438723
3 0.787146 0.679343 0.076651 0.296434
3 0.221698 0.683789 0.075472 0.317185
4 0.839623 0.596341 0.066038 0.284577
4 0.167453 0.615609 0.061321 0.240112
5 0.896816 0.581519 0.074292 0.260862
5 0.113797 0.590412 0.071934 0.213433
6 0.941627 0.514822 0.031840 0.157110
6 0.061910 0.529643 0.034198 0.163039