0 0.601415 0.280560 0.150943 0.468865
0 0.449882 0.284649 0.147406 0.466139
1 0.722877 0.281923 0.091981 0.373457
1 0.325472 0.283286 0.094340 0.381635
2 0.811910 0.256027 0.086085 0.436154
2 0.232311 0.256027 0.091981 0.430702
3 0.893868 0.276471 0.075472 0.357101
3 0.150943 0.283286 0.068396 0.359827
4 0.946344 0.283286 0.045991 0.294404
4 0.102005 0.296916 0.053066 0.272596
5 0.980542 0.254664 0.036557 0.253514
5 0.058962 0.247849 0.061321 0.250788
6 0.017689 0.215137 0.025943 0.212625
0 0.583726 0.748062 0.096698 0.378909
0 0.487618 0.749425 0.093160 0.381635
1 0.680425 0.749425 0.091981 0.392538
1 0.390330 0.748062 0.096698 0.378909
2 0.776533 0.749425 0.097877 0.457961
2 0.293632 0.753514 0.089623 0.460687
3 0.841392 0.643113 0.079009 0.338019
3 0.223467 0.628120 0.086085 0.329841
4 0.892689 0.580416 0.068396 0.283500
4 0.165684 0.561334 0.076651 0.256240
5 0.947524 0.562697 0.071934 0.248062
5 0.109670 0.550430 0.070755 0.239885
6 0.985849 0.502726 0.028302 0.188091
6 0.070755 0.480918 0.042453 0.149928
7 0.038915 0.441392 0.044811 0.136298