0 0.583726 0.449488 0.153302 0.369597
0 0.425708 0.449488 0.160377 0.379453
1 0.716981 0.421153 0.113208 0.362205
1 0.296580 0.384193 0.119104 0.436125
2 0.796580 0.413761 0.076651 0.362205
2 0.218160 0.373105 0.073113 0.379453
3 0.853774 0.439632 0.040094 0.275966
3 0.169811 0.433472 0.047170 0.268574
4 0.899764 0.424849 0.054245 0.256254
4 0.117925 0.463040 0.056604 0.278430
5 0.947524 0.396513 0.038915 0.214366
5 0.074882 0.476592 0.038915 0.216830
7 0.044811 0.408833 0.023585 0.125663
0 0.536557 0.721758 0.084906 0.278430
0 0.453420 0.706975 0.081368 0.258718
1 0.626769 0.718062 0.093160 0.251326
1 0.358491 0.708206 0.094340 0.290750
2 0.715212 0.735310 0.090802 0.340030
2 0.264151 0.726686 0.094340 0.362205
3 0.797759 0.719294 0.074292 0.283358
3 0.186321 0.716830 0.070755 0.303070
4 0.851415 0.677407 0.035377 0.214366
4 0.143278 0.708206 0.034198 0.226686
5 0.897406 0.645375 0.058962 0.194655
5 0.096108 0.708206 0.076651 0.221758
6 0.946344 0.587471 0.048349 0.152767
6 0.044222 0.628127 0.050708 0.194655