0 0.535377 0.381986 0.139151 0.422074
0 0.397995 0.416696 0.133255 0.408190
1 0.653892 0.362548 0.097877 0.399860
1 0.284788 0.377821 0.093160 0.347100
2 0.740566 0.325061 0.096698 0.385976
2 0.204009 0.354218 0.091981 0.360985
3 0.801887 0.334780 0.047170 0.277680
3 0.145637 0.316731 0.048349 0.313779
4 0.843160 0.308401 0.035377 0.197153
4 0.108491 0.293128 0.028302 0.222144
5 0.880307 0.241757 0.038915 0.174939
7 0.930425 0.118189 0.044811 0.199930
7 0.061910 0.147346 0.038915 0.208260
0 0.507075 0.686046 0.082547 0.330440
0 0.431604 0.645782 0.068396 0.283234
1 0.589033 0.673550 0.079009 0.322109
1 0.343160 0.686046 0.077830 0.330440
2 0.679245 0.676327 0.099057 0.427628
2 0.263561 0.688823 0.083726 0.358208
3 0.753538 0.615237 0.051887 0.205483
3 0.190448 0.606907 0.057783 0.261020
4 0.801887 0.538875 0.042453 0.124956
4 0.149175 0.556924 0.036557 0.166608
5 0.853184 0.484728 0.062500 0.133287
5 0.114976 0.500000 0.038915 0.141617
7 0.910377 0.338945 0.056604 0.197153
7 0.076061 0.373655 0.031840 0.166608