0 0.548939 0.402503 0.166274 0.370487
0 0.367925 0.408075 0.191038 0.364916
1 0.686321 0.342613 0.108491 0.339845
1 0.221108 0.331470 0.102594 0.328703
3 0.775943 0.318935 0.096698 0.331489
3 0.124410 0.307792 0.088443 0.309204
2 0.844929 0.250687 0.064858 0.245134
2 0.053066 0.243723 0.075472 0.264634
3 0.890920 0.197760 0.045991 0.206136
3 0.014151 0.206117 0.028302 0.189422
4 0.938679 0.130906 0.054245 0.183851
0 0.510024 0.800847 0.083726 0.292490
0 0.418632 0.806418 0.096698 0.281347
1 0.607901 0.798061 0.112028 0.253491
1 0.311910 0.785526 0.114387 0.289704
2 0.702830 0.711707 0.075472 0.259063
2 0.223467 0.676887 0.088443 0.295276
3 0.768868 0.629531 0.082547 0.233992
3 0.146226 0.593318 0.089623 0.222850
4 0.823113 0.525071 0.066038 0.220064
4 0.081958 0.508357 0.060142 0.197779
5 0.875590 0.455430 0.067217 0.225635
5 0.043632 0.459609 0.054245 0.150423