0 0.567807 0.463904 0.130896 0.285993
0 0.432783 0.466680 0.134434 0.252673
1 0.682193 0.447244 0.093160 0.252673
1 0.313090 0.434749 0.097877 0.216577
2 0.764741 0.431973 0.074292 0.261003
2 0.231132 0.427808 0.066038 0.213800
3 0.822524 0.419478 0.050708 0.241567
3 0.173939 0.408371 0.048349 0.224907
4 0.860849 0.388935 0.023585 0.180481
4 0.137972 0.381993 0.021226 0.183258
0 0.543042 0.666598 0.083726 0.130502
0 0.455189 0.662433 0.084906 0.133278
1 0.629127 0.629113 0.081368 0.122172
1 0.367335 0.626337 0.083726 0.166598
2 0.706958 0.594405 0.074292 0.108289
2 0.289505 0.619395 0.067217 0.152715
3 0.774175 0.605512 0.053066 0.091629
3 0.231132 0.611065 0.049528 0.141608
4 0.816038 0.590240 0.035377 0.099959
4 0.195165 0.602735 0.041274 0.163821
5 0.849057 0.565251 0.028302 0.116618
5 0.163325 0.584687 0.024764 0.144385