0 0.725825 0.642360 0.178066 0.357481
0 0.556014 0.647105 0.159198 0.347991
1 0.870873 0.683486 0.114387 0.287883
1 0.419811 0.685068 0.113208 0.259411
2 0.959906 0.716703 0.080188 0.310028
2 0.314269 0.681904 0.093160 0.284720
3 0.240566 0.724612 0.084906 0.306865
4 0.177476 0.760993 0.067217 0.297374
0 0.696344 0.299114 0.100236 0.322682
0 0.593750 0.294369 0.104953 0.351154
1 0.797170 0.365549 0.099057 0.354318
1 0.480542 0.352895 0.121462 0.398608
2 0.893868 0.413002 0.099057 0.316355
2 0.377358 0.384530 0.106132 0.347991
3 0.967571 0.485764 0.064858 0.196140
3 0.300118 0.422493 0.086085 0.278393
4 0.255307 0.487346 0.064858 0.205631