0 0.556604 0.427908 0.122642 0.288366
0 0.436321 0.436462 0.113208 0.305473
1 0.662146 0.415690 0.086085 0.298141
1 0.337854 0.426687 0.081368 0.290810
2 0.742925 0.407136 0.070755 0.310360
2 0.264151 0.434018 0.066038 0.300585
3 0.789505 0.434018 0.045991 0.188171
3 0.218750 0.454790 0.055425 0.210165
4 0.833726 0.394917 0.047170 0.193059
4 0.169222 0.418133 0.045991 0.215053
5 0.874410 0.371701 0.038915 0.190615
5 0.131486 0.392474 0.029481 0.129520
0 0.545401 0.657624 0.074292 0.185727
0 0.474646 0.656402 0.064858 0.197946
1 0.613208 0.655180 0.066038 0.185727
1 0.405660 0.663733 0.075472 0.246822
2 0.686910 0.658846 0.079009 0.241934
2 0.330189 0.664955 0.070755 0.195503
3 0.757665 0.629520 0.062500 0.173509
3 0.262382 0.661290 0.062500 0.158846
4 0.811321 0.576979 0.047170 0.161290
4 0.208137 0.608748 0.048349 0.166177
5 0.167453 0.576979 0.033019 0.112414