0 0.627358 0.561573 0.188679 0.509826
0 0.431604 0.555416 0.200472 0.512289
1 0.771226 0.599748 0.129717 0.413771
1 0.258844 0.554184 0.145047 0.391605
2 0.897995 0.676099 0.123821 0.413771
2 0.136792 0.598517 0.113208 0.435938
3 0.969929 0.679794 0.060142 0.337421
3 0.054835 0.596054 0.079009 0.357124
0 0.626179 0.142247 0.108491 0.284494
0 0.510024 0.137950 0.121462 0.273385
1 0.735849 0.156422 0.113208 0.285699
1 0.386203 0.139784 0.123821 0.279568
2 0.847288 0.214301 0.109670 0.332495
2 0.257075 0.149636 0.132075 0.299272
3 0.926887 0.269716 0.089623 0.256144
3 0.161557 0.171199 0.101415 0.216737
4 0.072524 0.240161 0.079009 0.157627
4 0.978774 0.355919 0.042452 0.162553