0 0.500000 0.386967 0.165094 0.419370
0 0.334316 0.373861 0.163915 0.373501
1 0.629717 0.329631 0.091981 0.416094
1 0.178066 0.334545 0.148585 0.432475
2 0.721108 0.323078 0.088443 0.422646
2 0.053066 0.316526 0.101415 0.409541
3 0.802476 0.306697 0.071934 0.396436
4 0.853774 0.285401 0.047170 0.366949
5 0.895637 0.280486 0.048349 0.298146
0 0.459906 0.809613 0.103774 0.255553
0 0.344929 0.799784 0.112028 0.281764
1 0.564858 0.773573 0.106132 0.262106
1 0.231722 0.765382 0.112028 0.252277
2 0.666274 0.712961 0.096698 0.278488
2 0.129717 0.694941 0.113208 0.268659
3 0.751769 0.675283 0.071934 0.176922
3 0.045991 0.655626 0.089623 0.196580
4 0.796580 0.622862 0.067217 0.124500
5 0.847288 0.578632 0.050708 0.095013