0 0.577830 0.490117 0.136792 0.545553
0 0.443986 0.500000 0.130896 0.509973
1 0.695755 0.420934 0.113208 0.541599
1 0.324882 0.454537 0.104953 0.490207
2 0.772995 0.343845 0.076651 0.521833
2 0.226415 0.381402 0.089623 0.470440
3 0.826651 0.292453 0.044811 0.411141
3 0.163915 0.355705 0.058962 0.426954
4 0.858491 0.310243 0.047170 0.328122
5 0.894458 0.282570 0.060142 0.336029
5 0.103774 0.286523 0.080189 0.320216
0 0.549528 0.733243 0.070755 0.312309
0 0.471698 0.727314 0.066038 0.316262
1 0.630896 0.697664 0.073113 0.312309
1 0.383844 0.723360 0.081368 0.332075
2 0.718750 0.660108 0.088443 0.316262
2 0.288325 0.709524 0.093160 0.320216
3 0.799528 0.602785 0.070755 0.249057
3 0.201651 0.664061 0.082547 0.253010
4 0.844340 0.586972 0.054245 0.217430
4 0.147406 0.575112 0.063679 0.209524