0 0.631486 0.288105 0.206368 0.561587
0 0.421580 0.298505 0.211085 0.582386
1 0.788915 0.331004 0.129717 0.486188
1 0.244104 0.315404 0.139151 0.486188
2 0.876769 0.392103 0.067217 0.379591
2 0.126769 0.346604 0.093160 0.382191
3 0.926887 0.423302 0.054245 0.280793
3 0.043632 0.385603 0.068396 0.267794
0 0.579009 0.776893 0.117925 0.374391
0 0.444575 0.784693 0.110849 0.369191
1 0.700472 0.745694 0.117925 0.353592
1 0.314269 0.750894 0.121462 0.379591
2 0.803066 0.736594 0.089623 0.324992
2 0.191627 0.717095 0.114387 0.400391
5 0.881486 0.706695 0.067217 0.249594
5 0.092571 0.655996 0.088443 0.262594
6 0.933962 0.639097 0.040094 0.145597
6 0.025354 0.611797 0.043632 0.184596