0 0.564858 0.495467 0.129717 0.296183
0 0.434552 0.484889 0.130896 0.329428
1 0.682193 0.456177 0.100236 0.320362
1 0.321934 0.430488 0.096698 0.323384
2 0.774175 0.415376 0.081368 0.299206
2 0.237618 0.360975 0.069575 0.287117
3 0.841392 0.368531 0.050708 0.284094
3 0.179835 0.294485 0.048349 0.226671
4 0.885613 0.314130 0.044811 0.235738
4 0.139151 0.235551 0.033019 0.187381
5 0.931604 0.244617 0.049528 0.175292
5 0.101415 0.175105 0.040094 0.132980
0 0.542453 0.753871 0.082547 0.123913
0 0.459906 0.744805 0.082547 0.129958
1 0.626179 0.722138 0.082547 0.102758
1 0.373231 0.708537 0.079009 0.111824