0 0.505307 0.513915 0.208726 0.425802
0 0.295991 0.518090 0.235849 0.445283
1 0.688090 0.490259 0.154481 0.378491
1 0.112028 0.495825 0.158019 0.378491
2 0.817807 0.486085 0.104953 0.381274
2 0.018278 0.498608 0.036556 0.372925
3 0.900354 0.455472 0.090802 0.353443
4 0.954599 0.416509 0.041274 0.286651
0 0.478184 0.788042 0.130896 0.289434
0 0.346108 0.785259 0.135613 0.295000
1 0.607311 0.764387 0.125000 0.297783
1 0.205189 0.744906 0.136792 0.253255
2 0.727005 0.775519 0.112028 0.275519
2 0.077830 0.729599 0.115566 0.228208
3 0.811321 0.779693 0.084906 0.217075
4 0.866745 0.743514 0.066038 0.267170
5 0.911557 0.736557 0.049528 0.203160
7 0.942217 0.683679 0.037736 0.091840