0 0.542453 0.414623 0.129717 0.611871
0 0.411557 0.421737 0.132075 0.616614
1 0.652123 0.324502 0.101415 0.564439
1 0.314269 0.312644 0.088443 0.512264
2 0.739976 0.277273 0.088443 0.554546
2 0.247642 0.293671 0.070755 0.493291
3 0.799528 0.296043 0.061321 0.554953
3 0.200472 0.288928 0.054245 0.483805
4 0.853774 0.260469 0.044811 0.464832
4 0.169222 0.227267 0.020047 0.341509
5 0.912146 0.262841 0.069575 0.431630
5 0.137972 0.232010 0.044811 0.341509
7 0.087854 0.160862 0.050708 0.170755
0 0.533608 0.732416 0.076651 0.308307
0 0.459906 0.732416 0.070755 0.327280
1 0.607311 0.711072 0.068396 0.265618
1 0.381486 0.734788 0.086085 0.313050
2 0.688090 0.673126 0.086085 0.360482
2 0.304245 0.718187 0.073113 0.355739
3 0.764741 0.699214 0.067217 0.298821
3 0.238797 0.708700 0.057783 0.346253
4 0.814269 0.694471 0.043632 0.241903
4 0.185731 0.692099 0.048349 0.332023
5 0.863208 0.625694 0.051887 0.265618
5 0.142689 0.632809 0.056604 0.355739
6 0.899175 0.571148 0.038915 0.194471
6 0.117925 0.554547 0.037736 0.246646
7 0.099646 0.424109 0.038915 0.270362