0 0.760613 0.228542 0.275943 0.457083
0 0.485849 0.219958 0.273585 0.439916
1 0.948703 0.183173 0.102594 0.366345
1 0.284198 0.166006 0.129717 0.332012
2 0.160967 0.151292 0.133255 0.302583
3 0.071344 0.086304 0.088443 0.172607
4 0.018868 0.058101 0.037736 0.116202
0 0.837264 0.851161 0.155660 0.297678
0 0.683962 0.843333 0.153302 0.301643
1 0.957547 0.863423 0.084906 0.273154
1 0.530071 0.842107 0.147406 0.313905
2 0.385024 0.782494 0.163915 0.435012
3 0.255896 0.779571 0.148585 0.434071
4 0.150943 0.777119 0.148585 0.443881
6 0.102005 0.517167 0.102594 0.208452
7 0.110849 0.382286 0.099057 0.129976