0 0.556604 0.297755 0.146226 0.360203
0 0.410967 0.285945 0.142689 0.360203
1 0.674528 0.287421 0.087264 0.274581
1 0.295401 0.256420 0.088443 0.265723
2 0.758844 0.275611 0.083726 0.250961
2 0.211085 0.253468 0.077830 0.265723
3 0.824882 0.234277 0.053066 0.144672
3 0.143278 0.231324 0.050708 0.115147
0 0.549528 0.677149 0.099057 0.298201
0 0.450472 0.671244 0.099057 0.286391
1 0.662146 0.644672 0.097877 0.298201
1 0.343160 0.657958 0.091981 0.342488
2 0.748821 0.588574 0.080189 0.304106
2 0.243514 0.597432 0.090802 0.363155
3 0.823703 0.483761 0.071934 0.212579
3 0.158608 0.505905 0.076651 0.262771
4 0.879127 0.344995 0.053066 0.206674
4 0.098467 0.402568 0.069575 0.239151