0 0.535377 0.428039 0.125000 0.361863
0 0.413325 0.423926 0.116745 0.386536
1 0.638561 0.391030 0.081368 0.370087
1 0.311910 0.374581 0.086085 0.394760
2 0.716392 0.341685 0.074292 0.361863
2 0.234080 0.347853 0.069575 0.398872
3 0.767689 0.327293 0.054245 0.349527
3 0.185142 0.325236 0.054245 0.353639
4 0.809552 0.319068 0.045991 0.316630
4 0.149764 0.325236 0.051887 0.353639
5 0.114387 0.319068 0.044811 0.316630
0 0.482901 0.732333 0.071934 0.246725
0 0.406250 0.719996 0.076651 0.222052
1 0.560142 0.701492 0.082547 0.300182
1 0.330778 0.711772 0.074292 0.304294
2 0.655071 0.676820 0.090802 0.308406
2 0.256486 0.701492 0.071934 0.316630
3 0.732901 0.650091 0.069575 0.246725
3 0.195755 0.693268 0.051887 0.259061