0 0.568986 0.329883 0.135613 0.394775
0 0.433962 0.331182 0.132075 0.392178
1 0.677476 0.306508 0.081368 0.358414
1 0.318396 0.315599 0.096698 0.340234
2 0.747642 0.337675 0.058962 0.254526
2 0.237618 0.346765 0.060142 0.251929
3 0.794811 0.335078 0.037736 0.238943
3 0.182193 0.325987 0.050708 0.225957
4 0.823703 0.306508 0.029481 0.212971
4 0.143868 0.306508 0.033019 0.212971
5 0.845519 0.266252 0.018868 0.168818
5 0.116156 0.257161 0.024764 0.171415
6 0.861439 0.222099 0.017689 0.132457
7 0.089623 0.181842 0.025943 0.098694
0 0.551297 0.709075 0.086085 0.290887
0 0.466392 0.714269 0.083726 0.311665
1 0.640330 0.711672 0.089623 0.296081
1 0.379717 0.711672 0.084906 0.316859
2 0.719929 0.698686 0.071934 0.285692
2 0.297170 0.698686 0.082547 0.301276
3 0.778302 0.667520 0.066038 0.270109
3 0.231132 0.659728 0.066038 0.259720
4 0.813090 0.603888 0.043632 0.215568
4 0.184552 0.589604 0.064858 0.207776
5 0.837264 0.529868 0.042453 0.192193
5 0.143868 0.536361 0.061321 0.199985
7 0.857901 0.407799 0.041274 0.114277
7 0.119104 0.414292 0.042453 0.101291