0 0.541863 0.515001 0.159198 0.521292
0 0.381486 0.505625 0.152123 0.540044
1 0.672759 0.479373 0.100236 0.427535
1 0.265920 0.507501 0.088443 0.416284
2 0.760024 0.438120 0.071934 0.472538
2 0.186321 0.441870 0.066038 0.435035
3 0.831368 0.387491 0.070755 0.401282
3 0.125000 0.394991 0.063679 0.326276
4 0.891509 0.334987 0.051887 0.318776
4 0.081368 0.359364 0.040094 0.270022
5 0.935142 0.271231 0.037736 0.273772
7 0.048349 0.274982 0.030660 0.183765
0 0.530660 0.755021 0.089623 0.288773
0 0.437500 0.749395 0.091981 0.277522
1 0.623231 0.751270 0.090802 0.236269
1 0.345519 0.730644 0.089623 0.262521
2 0.704009 0.695016 0.068396 0.221268
2 0.262382 0.723143 0.076651 0.210017
3 0.775354 0.638761 0.071934 0.198766
4 0.840212 0.588132 0.060142 0.195016