0 0.560731 0.273580 0.133255 0.384009
0 0.422759 0.313430 0.145047 0.478200
1 0.674528 0.275391 0.094340 0.438350
1 0.303656 0.311618 0.090802 0.394877
2 0.763561 0.284448 0.086085 0.412991
2 0.211675 0.304373 0.090802 0.409368
3 0.820165 0.259089 0.057783 0.311554
3 0.153892 0.279014 0.067217 0.293441
4 0.859080 0.226484 0.024764 0.159400
4 0.107311 0.259089 0.030660 0.217364
0 0.537146 0.605059 0.090802 0.322423
0 0.445755 0.599625 0.091981 0.326045
1 0.634434 0.601436 0.101415 0.322423
1 0.345519 0.617739 0.106132 0.260836
2 0.713443 0.572455 0.058962 0.278950
2 0.260024 0.581511 0.062500 0.239100
3 0.780071 0.538039 0.071934 0.318800
3 0.189858 0.530793 0.073113 0.260836
4 0.828420 0.512680 0.024764 0.202873
4 0.135613 0.528982 0.040094 0.220986
6 0.859670 0.384073 0.035377 0.148532
6 0.094929 0.443848 0.048349 0.246345