0 0.719340 0.780976 0.212264 0.438048
0 0.505307 0.788179 0.213443 0.423641
1 0.875000 0.770857 0.099057 0.452389
1 0.341392 0.776654 0.116745 0.446692
2 0.955778 0.760772 0.079009 0.455271
2 0.239976 0.757891 0.107311 0.478322
3 0.162736 0.682973 0.070755 0.386116
4 0.123231 0.616699 0.048349 0.311198
5 0.090802 0.605173 0.040094 0.265094
0 0.584316 0.201736 0.130896 0.403471
0 0.710495 0.203210 0.121462 0.400523
1 0.823113 0.210413 0.127358 0.420693
1 0.460495 0.197413 0.147406 0.394826
2 0.916274 0.213261 0.080189 0.426522
2 0.350825 0.172921 0.107311 0.345842
3 0.973467 0.208973 0.053066 0.412049
3 0.254127 0.162869 0.107311 0.325605
4 0.195755 0.164310 0.061321 0.316961
5 0.141509 0.174395 0.075472 0.296790
6 0.120283 0.269483 0.061321 0.239161