0 0.543632 0.465784 0.115566 0.345138
0 0.423939 0.462808 0.123821 0.339187
1 0.643278 0.453882 0.081368 0.309434
1 0.318396 0.467271 0.087264 0.270755
2 0.722877 0.395864 0.073113 0.365965
2 0.244104 0.444956 0.058962 0.309434
3 0.780071 0.375036 0.055425 0.300508
3 0.192807 0.421154 0.062500 0.285631
4 0.816038 0.342308 0.037736 0.241001
4 0.142689 0.346771 0.040094 0.196372
5 0.859080 0.287264 0.045991 0.226125
0 0.528302 0.720174 0.068396 0.288607
0 0.454599 0.721662 0.079009 0.297533
1 0.602594 0.697859 0.077830 0.285631
1 0.380896 0.702322 0.070755 0.294557
2 0.676887 0.694884 0.073113 0.291582
2 0.306014 0.718687 0.074292 0.273730
3 0.738797 0.675544 0.069575 0.229100
3 0.240566 0.668106 0.056604 0.190421
4 0.785377 0.586284 0.044811 0.205298
4 0.208137 0.616038 0.027123 0.116038
7 0.866156 0.444956 0.050708 0.119013