0 0.682783 0.451508 0.141509 0.439462
0 0.537146 0.439385 0.149764 0.421277
1 0.800118 0.457569 0.097877 0.397031
1 0.413325 0.424231 0.090802 0.409154
2 0.896226 0.412108 0.096698 0.445523
2 0.328420 0.387861 0.076651 0.409154
3 0.951651 0.427262 0.049528 0.227308
3 0.260613 0.328761 0.054245 0.345508
4 0.981132 0.398469 0.037736 0.200031
5 0.203420 0.240869 0.048349 0.224277
0 0.640920 0.697000 0.083726 0.306108
0 0.550118 0.690939 0.088443 0.293985
1 0.735259 0.695485 0.074292 0.290954
1 0.456958 0.643962 0.095519 0.266708
2 0.823113 0.684877 0.091981 0.318231
2 0.373821 0.612139 0.068396 0.197000
3 0.906840 0.663662 0.073113 0.197000
4 0.956368 0.616685 0.054245 0.169723