0 0.529481 0.382639 0.129717 0.566311
0 0.400943 0.397542 0.122642 0.551408
1 0.640920 0.345382 0.088443 0.491797
1 0.292453 0.386365 0.091981 0.439636
2 0.718160 0.302536 0.068396 0.458265
2 0.214033 0.382639 0.062500 0.402379
3 0.770047 0.274593 0.033019 0.327864
3 0.166863 0.401268 0.038915 0.290607
4 0.804835 0.291359 0.038915 0.264527
4 0.129717 0.362148 0.035377 0.175109
5 0.848467 0.278319 0.053066 0.223544
0 0.487618 0.725407 0.067217 0.134126
0 0.405071 0.717955 0.081368 0.089418
1 0.564269 0.697464 0.071934 0.212367
1 0.324292 0.690012 0.077830 0.152755
2 0.644458 0.678835 0.088443 0.190012
2 0.257665 0.649029 0.050708 0.167658
3 0.715212 0.628538 0.055425 0.178835
3 0.205778 0.611772 0.045991 0.152755