0 0.577830 0.492519 0.132075 0.395015
0 0.443396 0.498504 0.132075 0.389030
1 0.688090 0.428179 0.090802 0.380052
1 0.326061 0.482045 0.095519 0.338157
2 0.768278 0.405735 0.067217 0.347134
2 0.242335 0.473067 0.071934 0.332172
3 0.818986 0.381795 0.053066 0.257358
3 0.192807 0.431172 0.053066 0.278306
4 0.861439 0.348877 0.050708 0.233418
4 0.150943 0.402743 0.047170 0.221448
5 0.892689 0.311470 0.030660 0.158604
5 0.110259 0.369825 0.045991 0.155612
0 0.548349 0.734914 0.082547 0.095761
0 0.459316 0.740899 0.088443 0.083791
1 0.635613 0.713966 0.082547 0.179552
1 0.372052 0.718455 0.076651 0.134664
2 0.715212 0.681048 0.079009 0.221448
2 0.295401 0.713966 0.076651 0.173567
3 0.775943 0.631672 0.061321 0.182545
3 0.227005 0.660101 0.057783 0.239403
4 0.818396 0.570325 0.040094 0.119701
4 0.176887 0.612220 0.042453 0.161597
6 0.129717 0.552369 0.044811 0.137657