0 0.586085 0.307620 0.167453 0.412604
0 0.419811 0.316480 0.165094 0.399947
1 0.717571 0.281042 0.093160 0.379697
1 0.284198 0.282307 0.106132 0.382228
2 0.803656 0.308886 0.083726 0.359446
2 0.190448 0.302558 0.081368 0.367040
3 0.862618 0.297495 0.050708 0.255662
3 0.133844 0.284839 0.053066 0.275913
4 0.088443 0.265854 0.037736 0.207568
5 0.054245 0.217759 0.033019 0.121503
0 0.538325 0.783507 0.102594 0.397416
0 0.433373 0.745537 0.102594 0.351852
1 0.636203 0.759459 0.095519 0.364509
1 0.337854 0.746803 0.088443 0.359446
2 0.718160 0.692380 0.094340 0.331602
2 0.275943 0.679723 0.099057 0.306289
3 0.793042 0.674660 0.088443 0.280976
3 0.200472 0.655676 0.089623 0.258194
4 0.827241 0.589862 0.095519 0.187317
4 0.133844 0.575939 0.102594 0.230349