0 0.567217 0.426767 0.127358 0.368980
0 0.436321 0.425359 0.129717 0.388697
1 0.672170 0.390151 0.080189 0.312647
1 0.321344 0.415501 0.093160 0.295748
2 0.752358 0.336635 0.075472 0.318281
2 0.235259 0.381701 0.074292 0.335181
3 0.805425 0.322551 0.049528 0.256315
3 0.180425 0.384518 0.049528 0.267581
4 0.840212 0.284527 0.029481 0.236598
4 0.134434 0.353535 0.042453 0.278848
5 0.100825 0.304243 0.024764 0.197165
0 0.567217 0.756315 0.077830 0.250681
0 0.485849 0.764764 0.084906 0.245048
1 0.646226 0.726740 0.080189 0.230965
1 0.399764 0.754906 0.082547 0.247865
2 0.725236 0.681673 0.070755 0.236598
2 0.314858 0.746456 0.089623 0.270398
3 0.776533 0.626749 0.050708 0.171815
3 0.251769 0.715473 0.064858 0.168999
4 0.822524 0.563374 0.043632 0.112666
4 0.198703 0.670407 0.055425 0.123932