0 0.564858 0.537376 0.132075 0.345730
0 0.419811 0.518688 0.132075 0.345730
1 0.666274 0.535819 0.070755 0.274093
1 0.317217 0.514016 0.068396 0.274093
2 0.735849 0.529590 0.066038 0.267863
2 0.244693 0.484427 0.074292 0.289666
3 0.780660 0.510901 0.051887 0.230487
3 0.193986 0.454837 0.045991 0.218028
4 0.813679 0.451722 0.033019 0.211799
4 0.159788 0.419018 0.027123 0.202455
6 0.849057 0.417461 0.035377 0.180652
5 0.128538 0.352052 0.035377 0.193111
0 0.521816 0.704012 0.081368 0.267863
0 0.443396 0.708684 0.075472 0.277207
1 0.601415 0.700897 0.075472 0.236716
1 0.366156 0.699340 0.074292 0.239831
2 0.672759 0.702455 0.069575 0.227372
2 0.295991 0.682209 0.068396 0.242946
3 0.737028 0.675980 0.054245 0.137046
3 0.231722 0.646390 0.057783 0.165078
4 0.781840 0.638604 0.030660 0.130817
4 0.186321 0.607457 0.033019 0.149505