0 0.503538 0.538284 0.139151 0.315107
0 0.369693 0.520614 0.128538 0.326887
1 0.613208 0.517670 0.082547 0.303327
1 0.260024 0.483803 0.093160 0.306272
2 0.692217 0.467606 0.073113 0.285658
2 0.182193 0.435212 0.060142 0.279768
3 0.757075 0.432267 0.061321 0.262098
3 0.133844 0.342446 0.036557 0.200255
4 0.803656 0.361588 0.050708 0.226759
4 0.097288 0.251154 0.031840 0.217925
0 0.494693 0.734122 0.086085 0.129577
0 0.402712 0.725287 0.090802 0.129577
1 0.588443 0.714980 0.096698 0.108962
1 0.315448 0.678168 0.079009 0.123687
2 0.669811 0.663443 0.066038 0.123687
3 0.732901 0.623687 0.064858 0.144301
6 0.848467 0.295328 0.031840 0.141356