0 0.681604 0.734354 0.221698 0.531292
0 0.472877 0.736001 0.219340 0.527998
1 0.863797 0.803527 0.140330 0.392946
1 0.278302 0.831525 0.179245 0.336949
2 0.966392 0.846348 0.067216 0.307304
2 0.146816 0.852936 0.102594 0.294128
3 0.059552 0.900698 0.069575 0.198604
4 0.011792 0.925403 0.023584 0.149194
0 0.620873 0.210132 0.123821 0.411744
0 0.490566 0.208002 0.134434 0.416004
1 0.759434 0.218367 0.132075 0.428213
1 0.343160 0.206355 0.143868 0.412710
2 0.886792 0.249660 0.125000 0.484211
2 0.210495 0.260705 0.121462 0.521410
3 0.964623 0.246366 0.070754 0.405156
3 0.102594 0.242589 0.122642 0.485177
4 0.036557 0.356713 0.073113 0.434801