0 0.531840 0.402518 0.106132 0.249298
0 0.425118 0.392930 0.104953 0.255690
1 0.622052 0.370557 0.074292 0.236514
1 0.337854 0.375351 0.069575 0.226925
2 0.692217 0.343390 0.063679 0.252494
2 0.264741 0.362566 0.074292 0.239710
3 0.738208 0.329007 0.044811 0.230121
3 0.212264 0.341792 0.049528 0.198160
4 0.777123 0.316223 0.037736 0.223729
4 0.175708 0.327409 0.042453 0.156610
5 0.807783 0.301840 0.044811 0.201356
0 0.515330 0.739710 0.063679 0.124649
0 0.450472 0.738112 0.066038 0.127845
1 0.579599 0.722131 0.067217 0.134237
1 0.383255 0.706150 0.066038 0.121453
2 0.639151 0.696562 0.047170 0.115061
2 0.316627 0.680581 0.067217 0.140630
3 0.692217 0.674189 0.058962 0.153414
3 0.255307 0.672591 0.055425 0.131041
4 0.720519 0.639032 0.047170 0.191768
4 0.215802 0.637434 0.044811 0.175787
6 0.774764 0.567119 0.054245 0.137434
6 0.175118 0.549540 0.043632 0.153414
7 0.791863 0.488814 0.060142 0.121453
7 0.155071 0.472833 0.048349 0.134237