0 0.557783 0.377493 0.143868 0.516828
0 0.412736 0.356437 0.146226 0.513000
1 0.676887 0.360265 0.094340 0.428776
1 0.297170 0.346866 0.084906 0.440261
2 0.764741 0.362179 0.081368 0.447918
2 0.206368 0.335381 0.091981 0.432604
3 0.826651 0.318153 0.044811 0.321582
3 0.144458 0.341123 0.031840 0.329239
4 0.860849 0.289440 0.033019 0.241186
4 0.116156 0.306668 0.024764 0.237358
1 0.580189 0.723959 0.094340 0.275642
0 0.487028 0.737358 0.087264 0.264157
0 0.398585 0.718216 0.089623 0.287127
1 0.313090 0.700989 0.081368 0.290955
2 0.672759 0.706731 0.090802 0.233530
2 0.239387 0.641649 0.063679 0.256500
3 0.751769 0.651220 0.062500 0.160791
4 0.804245 0.574653 0.035377 0.191418