0 0.534198 0.281532 0.120283 0.381591
0 0.411557 0.282988 0.122642 0.378679
1 0.640330 0.248033 0.091981 0.355375
1 0.308373 0.239294 0.083726 0.320420
2 0.725825 0.214535 0.079009 0.329159
2 0.226415 0.227643 0.077830 0.320420
3 0.791863 0.179580 0.053066 0.253423
3 0.166863 0.191231 0.036557 0.241772
4 0.828420 0.141712 0.043632 0.206817
4 0.133844 0.150451 0.027123 0.154384
6 0.862028 0.073258 0.023585 0.087387
0 0.497052 0.763619 0.076651 0.256336
0 0.421580 0.759249 0.071934 0.265075
1 0.577830 0.746141 0.080189 0.244685
1 0.344929 0.757793 0.081368 0.267988
2 0.658608 0.696622 0.081368 0.250510
2 0.264741 0.715555 0.081368 0.300030
3 0.731132 0.625255 0.073113 0.206817
3 0.197524 0.622342 0.057783 0.189339
4 0.785377 0.539324 0.051887 0.145646
4 0.160377 0.508739 0.042453 0.136907
5 0.818986 0.453393 0.038915 0.119429
5 0.136203 0.414069 0.038915 0.122342
6 0.841392 0.379114 0.038915 0.093213
7 0.857901 0.266967 0.031840 0.131081
7 0.123821 0.262598 0.042453 0.116516