0 0.551887 0.419729 0.139151 0.535139
0 0.408019 0.425081 0.146226 0.538706
1 0.667453 0.359080 0.091981 0.449516
1 0.290684 0.407243 0.088443 0.453084
2 0.752948 0.362648 0.079009 0.420976
2 0.202830 0.378702 0.084906 0.453084
3 0.806014 0.350161 0.055425 0.381732
3 0.135024 0.392972 0.062500 0.388867
4 0.847877 0.305566 0.028302 0.278272
4 0.084906 0.335891 0.037736 0.317516
0 0.529481 0.717623 0.089623 0.146271
0 0.442217 0.739029 0.082547 0.139136
1 0.614387 0.642704 0.075472 0.196217
1 0.359080 0.712272 0.086085 0.199785
2 0.693986 0.587406 0.074292 0.185515
2 0.273585 0.674812 0.084906 0.210488
3 0.195165 0.612379 0.062500 0.192650