0 0.501769 0.439540 0.112028 0.448675
0 0.385613 0.444313 0.120283 0.439128
1 0.599057 0.417266 0.080189 0.410490
1 0.285377 0.399764 0.080189 0.420036
2 0.675708 0.382263 0.068396 0.429582
2 0.206958 0.358397 0.071934 0.400943
3 0.732311 0.377490 0.042453 0.343666
3 0.155660 0.356806 0.047170 0.327755
4 0.768278 0.350442 0.029481 0.315027
4 0.114976 0.328167 0.034198 0.302299
5 0.801297 0.254979 0.034198 0.238657
5 0.090212 0.247024 0.017689 0.140012
0 0.486439 0.735475 0.076651 0.117737
0 0.410377 0.738657 0.075472 0.130466
1 0.566038 0.717973 0.084906 0.114555
1 0.331958 0.716382 0.079009 0.124102