0 0.551297 0.292241 0.140330 0.377744
0 0.409788 0.286429 0.133255 0.366121
1 0.662736 0.274807 0.080189 0.325441
1 0.295991 0.271901 0.091981 0.342875
2 0.749410 0.268995 0.095519 0.383555
2 0.212264 0.255919 0.075472 0.392272
3 0.830778 0.276259 0.067217 0.287666
3 0.148585 0.264637 0.051887 0.287666
4 0.886203 0.237032 0.045991 0.261515
4 0.106132 0.235579 0.033019 0.241175
5 0.926887 0.197805 0.056604 0.223741
5 0.075472 0.181823 0.028302 0.209212
7 0.049528 0.117898 0.023585 0.104606
7 0.971108 0.120803 0.022406 0.075549
0 0.524175 0.823988 0.086085 0.342875
0 0.435731 0.819629 0.088443 0.351592
1 0.618514 0.818177 0.100236 0.348687
1 0.346698 0.797837 0.089623 0.348687
2 0.709906 0.773138 0.080189 0.363215
2 0.264151 0.778949 0.073113 0.392272
3 0.784198 0.719382 0.077830 0.337064
3 0.199882 0.691778 0.064858 0.276044
4 0.848467 0.623493 0.071934 0.296384
4 0.162736 0.613323 0.056604 0.241175
5 0.898585 0.534869 0.082547 0.217929
5 0.129717 0.545039 0.063679 0.197589
7 0.942217 0.382318 0.044811 0.168532
7 0.092571 0.417187 0.050708 0.139475