0 0.547170 0.193954 0.141509 0.365665
0 0.405660 0.199253 0.141509 0.370965
1 0.658019 0.196604 0.082547 0.291472
1 0.294811 0.184680 0.099057 0.294122
2 0.744693 0.168781 0.090802 0.325919
2 0.206368 0.167456 0.075472 0.317970
3 0.797170 0.223101 0.063679 0.259675
3 0.167453 0.225751 0.061321 0.286173
4 0.839623 0.223101 0.056604 0.254376
4 0.136792 0.235025 0.037736 0.257026
5 0.891509 0.197929 0.051887 0.246427
5 0.099646 0.182030 0.036557 0.204031
6 0.935142 0.148908 0.040094 0.180183
6 0.060731 0.152883 0.038915 0.182833
0 0.510613 0.815320 0.080189 0.315320
0 0.429245 0.820620 0.084906 0.310021
1 0.601415 0.806046 0.096698 0.291472
1 0.342571 0.802071 0.088443 0.315320
2 0.695755 0.772924 0.099057 0.272924
2 0.262382 0.788823 0.071934 0.325919
3 0.764151 0.767625 0.084906 0.294122
3 0.199882 0.764975 0.050708 0.230528
4 0.809552 0.704031 0.067217 0.267625
4 0.155660 0.747752 0.042453 0.217279
5 0.870283 0.608640 0.075472 0.283523
5 0.125590 0.635137 0.060142 0.235828
6 0.920991 0.473503 0.056604 0.225229
6 0.109670 0.496025 0.068396 0.180183