0 0.525354 0.399806 0.126179 0.335133
0 0.397995 0.398078 0.126179 0.331678
1 0.627358 0.346253 0.075472 0.310948
1 0.290094 0.365256 0.089623 0.307493
2 0.698703 0.304794 0.067217 0.338588
2 0.213443 0.344526 0.075472 0.321313
3 0.755307 0.261606 0.048349 0.293673
3 0.155071 0.301339 0.043632 0.276399
4 0.798939 0.225329 0.038915 0.262579
4 0.120283 0.258151 0.023585 0.210754
5 0.841981 0.202872 0.042453 0.203844
5 0.099057 0.233966 0.023585 0.169294
0 0.498821 0.766034 0.073113 0.238394
0 0.420401 0.759124 0.081368 0.224574
1 0.576061 0.757396 0.081368 0.248759
1 0.340802 0.740121 0.077830 0.200389
2 0.658608 0.736666 0.088443 0.269489
2 0.267099 0.707299 0.067217 0.238394
3 0.724057 0.681387 0.066038 0.317858
3 0.209316 0.669294 0.060142 0.210754
4 0.771226 0.641654 0.051887 0.335133
4 0.163325 0.624379 0.062500 0.238394
5 0.827830 0.557007 0.070755 0.290218
7 0.860849 0.403261 0.051887 0.155474
7 0.103184 0.468905 0.055425 0.224574