0 0.467571 0.473395 0.182783 0.475560
0 0.288325 0.451779 0.178066 0.498839
1 0.616745 0.425174 0.117925 0.432328
1 0.131486 0.373627 0.133255 0.435653
2 0.727005 0.388593 0.102594 0.425676
2 0.033019 0.347023 0.066038 0.369141
3 0.811321 0.318755 0.080189 0.365816
4 0.859670 0.285499 0.035377 0.325908
5 0.894458 0.217324 0.034198 0.242769
0 0.448703 0.746094 0.116745 0.342536
0 0.334906 0.719489 0.113208 0.289327
1 0.563679 0.771036 0.115566 0.259397
1 0.223467 0.699536 0.112028 0.229466
2 0.672170 0.716164 0.106132 0.242769
2 0.106722 0.659629 0.119104 0.189559