0 0.533019 0.757583 0.158019 0.484834
0 0.366745 0.754213 0.179245 0.491574
1 0.673939 0.787916 0.123821 0.424168
1 0.224646 0.772750 0.114387 0.454500
2 0.775943 0.799712 0.099057 0.400576
2 0.135024 0.784546 0.095519 0.430908
3 0.853184 0.798273 0.069575 0.390956
3 0.081368 0.813439 0.044811 0.360623
4 0.913915 0.828360 0.054245 0.343280
4 0.044811 0.889271 0.028302 0.215700
5 0.958137 0.857253 0.034198 0.192108
0 0.518278 0.312948 0.114387 0.404437
0 0.418042 0.328114 0.100236 0.360623
1 0.631486 0.334855 0.114387 0.434770
1 0.314858 0.338225 0.106132 0.333661
2 0.742335 0.346651 0.109670 0.485325
2 0.232311 0.388780 0.087264 0.306698
3 0.824882 0.410687 0.093160 0.384216
3 0.160967 0.434279 0.081368 0.269625
4 0.893278 0.488204 0.076651 0.310069
4 0.116745 0.506741 0.075472 0.252773
5 0.954599 0.589313 0.043632 0.202219