0 0.579009 0.417077 0.120283 0.355880
0 0.451061 0.429170 0.126179 0.338604
1 0.675708 0.418804 0.075472 0.200398
1 0.341392 0.404984 0.086085 0.262591
2 0.752948 0.417077 0.079009 0.238405
2 0.243514 0.392891 0.090802 0.266046
3 0.803656 0.411894 0.050708 0.145116
3 0.175708 0.382525 0.044811 0.169302
4 0.844929 0.406711 0.041274 0.127840
4 0.135613 0.384253 0.044811 0.138206
0 0.547170 0.582923 0.075472 0.224584
0 0.471698 0.579468 0.075472 0.217674
1 0.623821 0.605382 0.073113 0.221129
1 0.386203 0.576013 0.076651 0.224584
2 0.693396 0.593289 0.066038 0.217674
2 0.304835 0.557010 0.067217 0.241860
3 0.755896 0.605382 0.056604 0.152026
3 0.232311 0.579468 0.070755 0.176212
4 0.798349 0.562193 0.049528 0.169302
4 0.165094 0.536279 0.063679 0.165847