0 0.561321 0.278826 0.132075 0.452716
0 0.431014 0.273642 0.126179 0.449260
1 0.672170 0.244268 0.087264 0.383599
1 0.321934 0.254635 0.087264 0.383599
2 0.758255 0.223532 0.082547 0.397422
2 0.237618 0.256363 0.071934 0.380143
3 0.816627 0.242540 0.055425 0.338673
3 0.179835 0.239084 0.064858 0.345584
4 0.854953 0.268458 0.044811 0.286835
4 0.135024 0.225260 0.053066 0.297203
5 0.893278 0.223532 0.048349 0.314482
5 0.091392 0.213165 0.038915 0.245365
0 0.543042 0.726358 0.074292 0.338673
0 0.469340 0.734997 0.068396 0.342129
1 0.620283 0.741909 0.073113 0.383599
1 0.395637 0.747093 0.076651 0.380143
2 0.692217 0.734997 0.073113 0.404334
2 0.318396 0.738453 0.077830 0.376687
3 0.761203 0.731542 0.067217 0.362864
3 0.249410 0.745365 0.060142 0.355952
4 0.811321 0.688343 0.047170 0.331761
4 0.202830 0.662425 0.058962 0.273012
5 0.859080 0.660697 0.053066 0.345584
5 0.146226 0.636506 0.054245 0.283379
6 0.890920 0.579484 0.036557 0.266100