0 0.571344 0.336404 0.149764 0.462086
0 0.422170 0.336404 0.146226 0.462086
1 0.693396 0.304833 0.094340 0.410425
1 0.296580 0.312008 0.102594 0.419035
2 0.781840 0.270392 0.080189 0.444866
2 0.208137 0.260347 0.071934 0.470697
3 0.850825 0.286177 0.057783 0.355893
3 0.144458 0.280437 0.050708 0.378853
4 0.902123 0.266087 0.049528 0.344412
4 0.091981 0.260347 0.051887 0.355893
5 0.939269 0.241691 0.050708 0.353022
5 0.048939 0.245996 0.053066 0.309971
0 0.543042 0.669336 0.086085 0.387464
0 0.454599 0.672206 0.090802 0.393204
1 0.634434 0.696602 0.099057 0.401814
1 0.363208 0.695167 0.094340 0.398944
2 0.729363 0.679381 0.090802 0.453476
2 0.275943 0.699472 0.080189 0.430515
3 0.799528 0.657856 0.068396 0.381724
3 0.199882 0.676511 0.071934 0.373113
4 0.855542 0.634895 0.045991 0.341542
4 0.142099 0.626284 0.038915 0.301361
5 0.905071 0.586103 0.055425 0.301361
5 0.099057 0.560272 0.047170 0.243959