0 0.689858 0.289080 0.205189 0.578159
0 0.484670 0.292129 0.224057 0.578712
1 0.860849 0.255820 0.141509 0.511640
1 0.303066 0.250831 0.162736 0.501662
2 0.966392 0.247506 0.067216 0.495011
2 0.150943 0.234202 0.141509 0.468404
3 0.049528 0.222285 0.087264 0.439023
0 0.638561 0.847283 0.130896 0.305433
0 0.506486 0.844234 0.126179 0.292682
1 0.777123 0.832317 0.148585 0.335366
1 0.373821 0.845620 0.139151 0.308759
2 0.922170 0.790743 0.146226 0.418514
2 0.239387 0.800997 0.129717 0.372504
3 0.137972 0.757760 0.120283 0.472282
4 0.064269 0.679600 0.102594 0.422393