0 0.557193 0.303933 0.147406 0.379234
0 0.400354 0.301353 0.145047 0.368915
1 0.684552 0.287164 0.109670 0.345697
1 0.274175 0.285874 0.107311 0.317319
2 0.782429 0.287164 0.086085 0.366335
2 0.185731 0.254917 0.069575 0.358596
3 0.836675 0.300063 0.057783 0.278621
3 0.139151 0.270396 0.051887 0.291520
4 0.883255 0.284585 0.049528 0.257983
4 0.101415 0.260076 0.044811 0.286361
5 0.920401 0.258786 0.027123 0.123832
5 0.068986 0.252337 0.031840 0.193487
0 0.569575 0.787651 0.101415 0.283781
0 0.473467 0.781201 0.088443 0.296680
1 0.665094 0.760562 0.087264 0.353436
1 0.389741 0.757983 0.081368 0.265722
2 0.755896 0.779911 0.096698 0.325058
2 0.307193 0.756693 0.079009 0.273462
3 0.824882 0.734764 0.074292 0.270882
3 0.232311 0.757983 0.068396 0.327638
4 0.867925 0.631571 0.077830 0.265722
4 0.150943 0.732184 0.084906 0.322478
5 0.096698 0.572235 0.068396 0.203806