0 0.637972 0.239577 0.245283 0.479154
0 0.393868 0.229768 0.238208 0.459536
1 0.841392 0.208923 0.163915 0.417845
1 0.208137 0.191756 0.123821 0.383512
2 0.961085 0.199584 0.077830 0.397285
2 0.089623 0.175060 0.141509 0.348238
3 0.024764 0.115732 0.049528 0.231464
0 0.711085 0.856065 0.146226 0.287869
0 0.564858 0.845786 0.146226 0.306547
1 0.852594 0.859744 0.136792 0.280512
1 0.418042 0.845030 0.142689 0.309940
2 0.959906 0.845030 0.080188 0.309940
2 0.281840 0.798434 0.155660 0.403131
3 0.166863 0.797208 0.133255 0.405583
4 0.071344 0.766083 0.137972 0.387476
6 0.042453 0.545369 0.075472 0.176571
7 0.043042 0.395774 0.079009 0.098095