0 0.527123 0.385761 0.186321 0.566627
0 0.344929 0.370529 0.180425 0.572720
1 0.676887 0.344634 0.113208 0.478282
1 0.200472 0.343111 0.110849 0.499607
2 0.793632 0.283707 0.120283 0.527024
2 0.094340 0.306555 0.101415 0.499607
3 0.887382 0.283707 0.090802 0.447818
3 0.025943 0.286753 0.051886 0.447818
4 0.966981 0.244104 0.066038 0.350334
0 0.518868 0.659935 0.127358 0.261989
0 0.401533 0.670597 0.112028 0.265035
1 0.636792 0.634041 0.106132 0.283314
1 0.287736 0.658412 0.113208 0.313778
2 0.736439 0.603577 0.093160 0.289406
2 0.180425 0.635564 0.101415 0.255896
3 0.823703 0.577683 0.076651 0.219340
3 0.089623 0.600531 0.082547 0.216293