0 0.570755 0.307206 0.132075 0.363054
0 0.436910 0.308458 0.133255 0.345527
1 0.685142 0.315969 0.091981 0.320489
1 0.321934 0.325985 0.096698 0.290443
2 0.760613 0.297191 0.058962 0.348031
2 0.234670 0.348519 0.073113 0.325497
3 0.812500 0.312213 0.042453 0.257893
3 0.179835 0.388580 0.038915 0.240367
4 0.839623 0.330992 0.025943 0.210321
4 0.143278 0.377313 0.034198 0.232855
5 0.859080 0.289679 0.022406 0.222840
5 0.120873 0.337252 0.022406 0.227848
6 0.097877 0.334748 0.023585 0.172764
0 0.550118 0.587634 0.081368 0.202809
0 0.465802 0.611420 0.082547 0.250382
1 0.632665 0.592641 0.081368 0.257893
1 0.377948 0.592641 0.095519 0.282932
2 0.702830 0.642718 0.066038 0.348031
2 0.301887 0.647725 0.080189 0.348031
3 0.755307 0.571359 0.041274 0.220336
3 0.248231 0.626443 0.048349 0.240367
4 0.795991 0.577618 0.040094 0.257893
4 0.211085 0.616428 0.049528 0.200306
5 0.827241 0.537557 0.024764 0.187787
5 0.177476 0.585130 0.031840 0.147725
6 0.143868 0.543817 0.033019 0.100153
7 0.119104 0.491237 0.021226 0.070107