0 0.549528 0.325941 0.216981 0.520850
0 0.337854 0.336570 0.208726 0.515535
1 0.729953 0.347200 0.141509 0.387980
1 0.165684 0.373774 0.130896 0.387980
2 0.862618 0.392375 0.126179 0.435813
2 0.049528 0.351186 0.099056 0.475674
3 0.945165 0.406991 0.071934 0.369378
4 0.984080 0.413635 0.031840 0.186018
0 0.503538 0.878219 0.125000 0.243561
0 0.371462 0.884863 0.139151 0.230274
1 0.634434 0.859618 0.139151 0.280764
1 0.221698 0.878679 0.160377 0.233851
2 0.767099 0.827729 0.123821 0.344542
2 0.077241 0.848119 0.126179 0.294971
3 0.864387 0.776369 0.129717 0.289656
3 0.037146 0.760425 0.074292 0.268397
4 0.926297 0.740494 0.079009 0.207277
5 0.971108 0.668745 0.057783 0.132870