0 0.502358 0.815547 0.165094 0.360226
0 0.332547 0.816943 0.172170 0.357434
1 0.636203 0.828113 0.121462 0.340679
1 0.183373 0.826717 0.123821 0.326717
2 0.750590 0.834472 0.104953 0.331056
2 0.067217 0.828113 0.110849 0.318340
3 0.847288 0.853245 0.086085 0.268075
4 0.918632 0.872792 0.058962 0.234566
5 0.978774 0.893736 0.042452 0.187094
0 0.450472 0.357585 0.117925 0.399321
0 0.338443 0.356189 0.103774 0.390943
1 0.560142 0.338038 0.122642 0.382566
1 0.229953 0.349208 0.115566 0.388151
2 0.678656 0.321283 0.119104 0.421660
2 0.113797 0.333849 0.116745 0.413283
3 0.785967 0.391094 0.093160 0.349057
3 0.027712 0.349208 0.055424 0.376981
4 0.855542 0.473472 0.071934 0.312755
5 0.916863 0.526528 0.064858 0.318340
6 0.971698 0.594943 0.056604 0.270868