0 0.594929 0.422516 0.119104 0.232451
0 0.472288 0.422516 0.126179 0.240011
1 0.698703 0.420626 0.086085 0.179536
1 0.371462 0.431021 0.073113 0.177646
2 0.785377 0.412122 0.084906 0.192765
2 0.293632 0.427241 0.082547 0.188985
3 0.854953 0.420626 0.054245 0.156857
3 0.229363 0.448974 0.050708 0.171976
4 0.896226 0.419681 0.044811 0.143629
4 0.188090 0.442360 0.029481 0.147408
5 0.934552 0.421571 0.048349 0.124730
5 0.155660 0.423461 0.030660 0.132289
0 0.573113 0.595437 0.070755 0.120950
0 0.501179 0.600162 0.068396 0.111501
1 0.652712 0.585043 0.079009 0.156857
1 0.423349 0.602052 0.082547 0.164417
2 0.731722 0.582208 0.081368 0.170086
2 0.349057 0.592603 0.066038 0.175756
3 0.809552 0.565200 0.069575 0.136069
3 0.281250 0.578429 0.069575 0.136069
4 0.864976 0.559530 0.045991 0.124730
4 0.231132 0.575594 0.035377 0.096382
5 0.910967 0.559530 0.043632 0.132289
7 0.953420 0.515119 0.034198 0.062365
5 0.182783 0.550081 0.054245 0.094492
7 0.975825 0.399838 0.027123 0.073704