0 0.632665 0.801858 0.218160 0.396284
0 0.409198 0.797727 0.226415 0.402663
1 0.842571 0.829923 0.201651 0.340154
1 0.225236 0.792097 0.162736 0.415806
2 0.954599 0.799418 0.090802 0.401164
2 0.096108 0.757931 0.128538 0.484138
3 0.021226 0.772574 0.042452 0.454852
0 0.583726 0.303078 0.155660 0.606156
0 0.419811 0.296228 0.172170 0.585692
1 0.740566 0.328702 0.155660 0.657404
1 0.266509 0.292567 0.176887 0.583251
2 0.879717 0.329923 0.155660 0.659845
2 0.149764 0.304299 0.150943 0.608597
3 0.956958 0.395064 0.086084 0.402663
3 0.036557 0.268164 0.073113 0.534444