0 0.780660 0.387660 0.205189 0.728396
0 0.571344 0.369541 0.211085 0.728396
1 0.941038 0.374977 0.117924 0.637799
1 0.387382 0.329679 0.152123 0.655919
2 0.250000 0.291628 0.125000 0.579818
3 0.163325 0.210091 0.050708 0.380505
4 0.126769 0.170229 0.041274 0.300780
6 0.088443 0.068761 0.033019 0.126835
0 0.739387 0.826147 0.115566 0.344267
0 0.615566 0.820712 0.127358 0.333395
1 0.864976 0.780849 0.123821 0.376881
1 0.469340 0.793533 0.146226 0.409496
2 0.964623 0.793533 0.070754 0.192065
2 0.328420 0.737363 0.135613 0.420368
3 0.219929 0.677569 0.081368 0.409496
4 0.156250 0.574289 0.067217 0.471102
5 0.104953 0.452890 0.054245 0.322524