0 0.600236 0.428790 0.139151 0.414311
0 0.442807 0.426201 0.140330 0.419489
1 0.733491 0.386065 0.099057 0.385827
1 0.303656 0.402896 0.116745 0.372879
2 0.818986 0.419727 0.071934 0.416900
2 0.206368 0.386065 0.077830 0.427258
3 0.866156 0.408075 0.041274 0.300375
3 0.146816 0.375707 0.045991 0.302965
4 0.899764 0.393833 0.037736 0.251176
4 0.112618 0.362760 0.041274 0.277070
5 0.934552 0.357581 0.029481 0.225281
5 0.070755 0.312266 0.044811 0.258944
6 0.961085 0.298024 0.025943 0.204566
6 0.033608 0.272129 0.029481 0.199387
0 0.579009 0.739523 0.075472 0.243407
0 0.475236 0.689029 0.082547 0.375469
1 0.383844 0.681261 0.095519 0.385827
1 0.663915 0.704566 0.087264 0.401363
2 0.751769 0.757649 0.081368 0.398774
2 0.305425 0.726576 0.087264 0.393595
3 0.818986 0.760239 0.069575 0.326270
3 0.223467 0.726576 0.076651 0.336627
4 0.870283 0.703271 0.054245 0.279660
4 0.169222 0.686440 0.055425 0.261534
5 0.908608 0.646303 0.055425 0.248586
5 0.121462 0.633356 0.073113 0.243407
6 0.945755 0.563441 0.051887 0.191619
6 0.072524 0.555673 0.057783 0.201976
7 0.967571 0.455980 0.036557 0.106167