0 0.508255 0.337612 0.127358 0.636019
0 0.377948 0.351144 0.133255 0.645041
1 0.611439 0.281227 0.095519 0.487164
1 0.270047 0.315058 0.077830 0.599933
2 0.692217 0.254163 0.080189 0.396948
2 0.204009 0.324080 0.056604 0.509717
3 0.752948 0.231609 0.045991 0.225539
3 0.163325 0.310547 0.029481 0.410480
4 0.793632 0.202289 0.030660 0.166899
4 0.112618 0.297015 0.062500 0.374394
0 0.449882 0.696219 0.060142 0.243582
0 0.528302 0.684942 0.070755 0.257114
1 0.603774 0.646600 0.077830 0.306733
1 0.366745 0.702985 0.068396 0.248093
2 0.685731 0.621791 0.079009 0.329287
2 0.283608 0.689453 0.074292 0.230049
3 0.742925 0.549619 0.061321 0.365373
3 0.207547 0.639834 0.068396 0.320265
4 0.798349 0.463914 0.054245 0.311243
4 0.147995 0.630812 0.053066 0.275157
5 0.102594 0.587960 0.035377 0.171409