0 0.667453 0.432243 0.231132 0.669278
0 0.446934 0.422563 0.205189 0.721824
1 0.856132 0.386610 0.146226 0.506107
1 0.257075 0.407352 0.174528 0.553122
2 0.957547 0.305024 0.084906 0.492279
2 0.120873 0.307386 0.154481 0.614772
3 0.029481 0.225801 0.058962 0.451602
0 0.673349 0.919394 0.143868 0.161212
0 0.523585 0.927691 0.160377 0.144618
1 0.818986 0.887589 0.145047 0.224822
1 0.369104 0.924925 0.143868 0.150150
2 0.943396 0.809748 0.113208 0.290389
2 0.231132 0.883037 0.132075 0.221249
3 0.114387 0.739225 0.110849 0.232311
4 0.035377 0.577437 0.070754 0.257202