0 0.609670 0.315649 0.224057 0.631298
0 0.375000 0.352058 0.240566 0.699024
1 0.761792 0.303977 0.080189 0.521494
1 0.169811 0.339113 0.169811 0.665738
2 0.836675 0.331716 0.062500 0.458619
2 0.048349 0.302704 0.096698 0.605408
3 0.925708 0.284212 0.115566 0.568423
0 0.484080 0.797156 0.154481 0.405687
0 0.321344 0.813800 0.161557 0.372400
1 0.639151 0.795307 0.150943 0.409386
1 0.172170 0.815649 0.136792 0.368702
2 0.784788 0.779240 0.137972 0.436428
2 0.060731 0.766295 0.121462 0.462318
3 0.922170 0.786061 0.136792 0.427878