0 0.527712 0.464180 0.156840 0.397605
0 0.372642 0.422986 0.150943 0.451335
1 0.666274 0.473135 0.115566 0.429843
1 0.242925 0.412240 0.103774 0.472828
2 0.758255 0.462389 0.068396 0.444171
2 0.152712 0.415822 0.069575 0.458499
3 0.811321 0.444479 0.056604 0.358203
3 0.085495 0.279705 0.062500 0.250742
4 0.852594 0.387166 0.025943 0.257906
4 0.043632 0.294033 0.023585 0.200593
0 0.484670 0.748951 0.089623 0.193429
0 0.388561 0.739996 0.102594 0.232832
1 0.575472 0.732832 0.089623 0.132535
1 0.285377 0.698802 0.099057 0.236414