0 0.566627 0.351808 0.140330 0.458825
0 0.426887 0.364632 0.136792 0.444575
1 0.683962 0.347533 0.094340 0.387579
1 0.310731 0.368907 0.095519 0.367630
2 0.771816 0.306211 0.104953 0.447425
2 0.226415 0.324735 0.094340 0.410377
3 0.846698 0.299086 0.068396 0.336281
3 0.153892 0.341834 0.067217 0.290684
4 0.899175 0.299086 0.053066 0.273585
4 0.105542 0.329009 0.050708 0.293534
5 0.943396 0.287687 0.047170 0.267885
5 0.063090 0.324735 0.053066 0.284984
6 0.969929 0.269163 0.031840 0.253636
6 0.027123 0.283412 0.044811 0.253636
0 0.543042 0.792109 0.083726 0.387579
0 0.459316 0.792109 0.083726 0.387579
1 0.626179 0.776435 0.082547 0.390428
1 0.373821 0.782134 0.087264 0.373329
2 0.712854 0.753636 0.095519 0.418927
2 0.291274 0.769310 0.096698 0.427476
3 0.788325 0.682390 0.076651 0.293534
3 0.217571 0.685240 0.076651 0.316333
4 0.841392 0.608294 0.060142 0.293534
4 0.165684 0.625393 0.060142 0.242237
5 0.901533 0.569821 0.064858 0.250786
5 0.112618 0.582645 0.074292 0.202339
6 0.938090 0.521374 0.029481 0.165291
6 0.061910 0.537048 0.045991 0.173840