0 0.487618 0.746228 0.234670 0.507544
0 0.265920 0.751986 0.208726 0.494919
1 0.688679 0.753772 0.165094 0.492456
1 0.090212 0.797530 0.135613 0.404939
2 0.849646 0.777915 0.152123 0.444170
3 0.957547 0.807815 0.084906 0.383260
0 0.436321 0.263103 0.120283 0.319886
0 0.310142 0.270648 0.129717 0.328940
1 0.566038 0.272156 0.134434 0.325922
1 0.166274 0.361181 0.129717 0.280655
2 0.712854 0.317423 0.149764 0.325922
2 0.056014 0.465295 0.090802 0.199175
3 0.839033 0.409466 0.100236 0.220299
4 0.929835 0.522633 0.079009 0.156925