0 0.610259 0.645613 0.220519 0.531806
0 0.397406 0.649412 0.205189 0.519144
1 0.791863 0.684866 0.142689 0.514079
1 0.237618 0.684866 0.112028 0.468495
2 0.903892 0.663340 0.112028 0.496352
2 0.136203 0.658276 0.116745 0.445704
3 0.969929 0.686132 0.060142 0.374796
3 0.057783 0.669671 0.066038 0.321616
0 0.584316 0.160733 0.130896 0.321465
0 0.459906 0.154402 0.117925 0.308803
1 0.707547 0.155668 0.113208 0.311336
1 0.342571 0.161999 0.119104 0.323998
2 0.785967 0.180917 0.119104 0.357070
2 0.248821 0.194845 0.117925 0.379861
3 0.887382 0.194845 0.102594 0.319083
3 0.147406 0.202442 0.120283 0.369732
4 0.949882 0.267018 0.100236 0.270968
4 0.110849 0.311336 0.108491 0.238046
5 0.969340 0.396171 0.061320 0.149412