0 0.554835 0.344947 0.137972 0.418457
0 0.406250 0.339342 0.147406 0.347469
1 0.666863 0.313189 0.086085 0.369886
1 0.285377 0.346815 0.094340 0.325051
2 0.752358 0.303848 0.082547 0.373622
2 0.198703 0.354287 0.074292 0.280217
3 0.810142 0.281431 0.054245 0.328788
3 0.146226 0.352419 0.049528 0.254063
4 0.845519 0.240333 0.037736 0.269008
4 0.107901 0.313189 0.031840 0.183075
5 0.885024 0.195498 0.036557 0.179339
5 0.077830 0.275827 0.033019 0.123295
0 0.532429 0.763404 0.093160 0.313843
0 0.439858 0.742854 0.094340 0.272744
1 0.616745 0.735382 0.080189 0.310106
1 0.346698 0.733514 0.089623 0.246591
2 0.689269 0.681207 0.067217 0.313843
2 0.268278 0.688679 0.067217 0.224173
3 0.757075 0.647581 0.070755 0.291425
3 0.209316 0.649449 0.064858 0.242854
4 0.807783 0.578461 0.051887 0.257799
4 0.163915 0.619559 0.049528 0.198020
5 0.849646 0.511209 0.043632 0.212965
5 0.120283 0.548571 0.035377 0.168130