0 0.554835 0.328538 0.114387 0.425358
0 0.435731 0.325240 0.119104 0.418764
1 0.655660 0.251050 0.087264 0.356114
1 0.331368 0.285672 0.087264 0.333032
2 0.732311 0.219725 0.066038 0.359411
2 0.256486 0.221374 0.060142 0.375898
3 0.787146 0.194995 0.045991 0.296762
3 0.205778 0.208184 0.034198 0.296762
4 0.820755 0.209833 0.021226 0.220923
4 0.176887 0.196644 0.025943 0.273680
5 0.853774 0.147183 0.044811 0.220923
5 0.133844 0.176860 0.057783 0.253896
6 0.889741 0.087831 0.027123 0.148381
6 0.081958 0.117507 0.036557 0.187949
0 0.543042 0.730815 0.074292 0.339627
0 0.468750 0.725869 0.074292 0.329735
1 0.627948 0.717625 0.076651 0.293464
1 0.386792 0.709382 0.075472 0.303356
2 0.704009 0.692895 0.073113 0.369303
2 0.312500 0.694544 0.073113 0.359411
3 0.767689 0.684652 0.070755 0.286870
3 0.254717 0.686300 0.066038 0.309951
4 0.802476 0.630245 0.036557 0.217625
4 0.211085 0.641786 0.051887 0.260491
5 0.844340 0.552758 0.061321 0.214328
5 0.155071 0.579136 0.062500 0.240707
6 0.869104 0.415918 0.047170 0.151678
6 0.115566 0.462080 0.051887 0.145083
7 0.885024 0.336781 0.041274 0.125299
7 0.102005 0.384593 0.041274 0.128597