0 0.520047 0.457367 0.143868 0.493838
0 0.374410 0.450261 0.142689 0.486732
1 0.645637 0.484012 0.104953 0.426335
1 0.251769 0.460919 0.104953 0.451204
2 0.748821 0.405851 0.099057 0.440546
2 0.166274 0.421839 0.070755 0.436993
3 0.819575 0.354336 0.044811 0.344621
3 0.113797 0.372100 0.036557 0.316198
4 0.854953 0.318808 0.040094 0.287776
4 0.085495 0.331242 0.024764 0.270012
5 0.892689 0.274398 0.030660 0.220273
0 0.504127 0.691851 0.083726 0.301987
0 0.419811 0.686521 0.077830 0.298434
1 0.594340 0.693627 0.084906 0.255801
1 0.328420 0.682969 0.093160 0.248695
2 0.691627 0.681192 0.093160 0.216720