0 0.595519 0.524988 0.181604 0.439083
0 0.420401 0.532128 0.168632 0.446223
1 0.752358 0.385767 0.146226 0.431943
1 0.275943 0.423250 0.117925 0.456932
2 0.856722 0.298307 0.112028 0.492630
2 0.168632 0.325081 0.096698 0.489060
3 0.935142 0.248330 0.075472 0.478351
3 0.096698 0.280458 0.070755 0.456932
4 0.979953 0.239406 0.040094 0.296292
4 0.056604 0.223342 0.037736 0.342699
5 0.027123 0.130528 0.018868 0.157070
0 0.531840 0.805216 0.099057 0.314141
0 0.431014 0.801646 0.104953 0.299862
1 0.646816 0.760594 0.119104 0.246315
1 0.333137 0.753454 0.093160 0.289152
2 0.754127 0.667780 0.100236 0.232036
2 0.237618 0.680274 0.100236 0.278443
3 0.854363 0.596384 0.093160 0.174919
3 0.157429 0.626727 0.060142 0.199908