0 0.542453 0.257182 0.125000 0.348877
0 0.416274 0.266950 0.127358 0.340504
1 0.642099 0.278114 0.074292 0.284684
1 0.310731 0.248809 0.086085 0.287475
2 0.723467 0.251600 0.088443 0.337713
2 0.226415 0.213921 0.077830 0.312594
3 0.787146 0.279510 0.067217 0.259565
3 0.163325 0.233458 0.055425 0.234445
4 0.835495 0.285092 0.055425 0.220490
4 0.120283 0.225085 0.042453 0.217699
5 0.879127 0.282301 0.050708 0.198162
5 0.092571 0.232062 0.034198 0.147924
6 0.915684 0.247413 0.029481 0.150715
6 0.066038 0.179033 0.018868 0.108850
7 0.932783 0.243226 0.021226 0.086522
0 0.522995 0.798639 0.074292 0.231654
0 0.452830 0.795848 0.066038 0.242818
1 0.603774 0.797243 0.084906 0.262356
1 0.380307 0.781893 0.076651 0.237236
2 0.675708 0.811198 0.073113 0.323758
2 0.304245 0.794452 0.075472 0.307012
3 0.741745 0.786079 0.077830 0.290266
3 0.235849 0.759565 0.080189 0.253983
4 0.799528 0.763751 0.068396 0.223281
4 0.183962 0.727468 0.066038 0.200953
5 0.857901 0.707931 0.069575 0.223281
5 0.136792 0.664670 0.056604 0.181416
6 0.897995 0.629782 0.069575 0.217699
6 0.117335 0.569775 0.069575 0.136760
7 0.908608 0.472090 0.041274 0.103268
7 0.115566 0.474881 0.051887 0.097686