0 0.456958 0.740466 0.232311 0.519068
0 0.229363 0.743008 0.220519 0.513983
1 0.651533 0.748093 0.154481 0.503814
1 0.058962 0.768432 0.117924 0.463136
2 0.797759 0.777331 0.140330 0.445338
3 0.897406 0.809110 0.082547 0.381780
4 0.961675 0.844703 0.076650 0.310593
0 0.422759 0.252119 0.140330 0.467797
0 0.281840 0.252119 0.143868 0.467797
1 0.570165 0.251907 0.149764 0.503814
1 0.163325 0.278814 0.126179 0.485593
2 0.719929 0.267161 0.147406 0.534322
2 0.060731 0.297881 0.114387 0.477966
3 0.831368 0.333475 0.134434 0.447458
4 0.931604 0.438983 0.136792 0.470339