0 0.571934 0.346488 0.129717 0.274550
0 0.439858 0.340584 0.132075 0.280454
1 0.678656 0.340584 0.081368 0.280454
1 0.332547 0.321395 0.080189 0.247981
2 0.755896 0.324347 0.089623 0.295215
2 0.254717 0.314014 0.077830 0.256837
3 0.813679 0.322871 0.051887 0.197794
3 0.185731 0.311062 0.057783 0.245029
4 0.849057 0.300730 0.037736 0.153512
4 0.150943 0.315491 0.028302 0.188938
5 0.884434 0.287445 0.051887 0.138751
5 0.114387 0.296302 0.042453 0.191890
0 0.524175 0.550187 0.064858 0.156464
0 0.453420 0.584136 0.071934 0.224364
1 0.596698 0.569376 0.080189 0.177129
1 0.378538 0.551663 0.077830 0.230268
2 0.681014 0.570852 0.079009 0.180081
2 0.294222 0.581184 0.088443 0.277502
3 0.764741 0.530998 0.062500 0.188938
3 0.222288 0.542806 0.076651 0.277502
4 0.808962 0.492620 0.049528 0.141703
4 0.183962 0.516237 0.047170 0.135799
5 0.844929 0.446861 0.048349 0.138751
5 0.133255 0.489667 0.047170 0.177129