0 0.544222 0.333039 0.140330 0.392848
0 0.406250 0.345667 0.135613 0.395654
1 0.656250 0.310591 0.079009 0.347951
1 0.298939 0.345667 0.083726 0.305860
2 0.736439 0.319009 0.086085 0.331115
2 0.225825 0.344264 0.090802 0.303054
3 0.798349 0.333039 0.058962 0.258157
3 0.162736 0.345667 0.063679 0.249739
4 0.831368 0.323218 0.049528 0.210454
4 0.129127 0.333039 0.050708 0.235709
5 0.869104 0.289546 0.054245 0.216067
5 0.091392 0.313397 0.053066 0.196424
6 0.898585 0.271306 0.033019 0.190812
0 0.508255 0.742724 0.084906 0.364788
0 0.419222 0.749739 0.090802 0.361982
1 0.596698 0.713260 0.089623 0.345145
1 0.331368 0.727291 0.082547 0.345145
2 0.670991 0.690812 0.077830 0.345145
2 0.266509 0.692215 0.077830 0.325503
3 0.735849 0.644512 0.075472 0.280606
3 0.209906 0.654333 0.068396 0.277800
4 0.785377 0.613645 0.070755 0.218873
4 0.169222 0.623467 0.067217 0.216067
5 0.829009 0.594003 0.073113 0.207648
5 0.128538 0.585585 0.068396 0.202036
6 0.865566 0.554718 0.054245 0.145915
6 0.096698 0.530867 0.042453 0.120661
7 0.846108 0.450894 0.048349 0.089794
7 0.122052 0.452297 0.045991 0.086988