0 0.576061 0.420248 0.161557 0.446114
0 0.415094 0.419002 0.160377 0.433652
1 0.701061 0.375387 0.116745 0.416207
1 0.287736 0.389095 0.113208 0.413714
2 0.801887 0.354203 0.084906 0.418699
2 0.188090 0.331773 0.086085 0.423683
3 0.864976 0.301866 0.041274 0.348916
3 0.116745 0.308096 0.054245 0.381315
4 0.906840 0.265728 0.037736 0.341439
4 0.077241 0.280681 0.027123 0.311532
5 0.945165 0.225852 0.034198 0.276640
5 0.043632 0.257005 0.035377 0.259195
0 0.557783 0.760441 0.094340 0.383807
0 0.461085 0.764179 0.096698 0.396269
1 0.656250 0.751718 0.104953 0.391284
1 0.364976 0.747979 0.100236 0.358885
2 0.752358 0.715580 0.089623 0.338947
2 0.280660 0.718072 0.110849 0.363869
3 0.830189 0.629597 0.066038 0.266671
3 0.187500 0.657012 0.073113 0.286609
4 0.881486 0.602182 0.038915 0.251718
4 0.120283 0.622121 0.056604 0.231780
5 0.926887 0.563553 0.051887 0.269164
5 0.056014 0.587229 0.074292 0.316516