0 0.557783 0.305973 0.120283 0.379679
0 0.441627 0.307369 0.112028 0.376888
1 0.662146 0.300389 0.088443 0.335011
1 0.342571 0.310160 0.083726 0.326636
2 0.742335 0.304577 0.069575 0.304302
2 0.262382 0.293410 0.074292 0.332219
3 0.797759 0.297597 0.057783 0.290343
3 0.202241 0.292014 0.057783 0.284759
4 0.841392 0.293410 0.043632 0.242883
4 0.149764 0.243158 0.047170 0.304302
5 0.890330 0.287826 0.051887 0.242883
5 0.104363 0.243158 0.041274 0.254050
6 0.926887 0.227803 0.033019 0.201007
6 0.064858 0.216636 0.040094 0.212174
0 0.551297 0.691236 0.076651 0.295927
0 0.475236 0.688444 0.077830 0.290343
1 0.627358 0.691236 0.080189 0.279176
1 0.396226 0.692631 0.075472 0.287551
2 0.705189 0.699611 0.080189 0.307094
2 0.317807 0.706590 0.079009 0.315469
3 0.773585 0.680068 0.054245 0.284759
3 0.248821 0.663318 0.061321 0.290343
4 0.826061 0.688444 0.055425 0.295927
4 0.196344 0.606087 0.053066 0.242883
5 0.862028 0.592128 0.044811 0.237300
5 0.147406 0.548856 0.051887 0.206590
6 0.903892 0.541876 0.038915 0.220549
6 0.102005 0.497208 0.043632 0.181464