0 0.742925 0.618607 0.200472 0.546088
0 0.535377 0.618607 0.209906 0.506552
1 0.906840 0.591426 0.127358 0.491726
1 0.360259 0.586484 0.140330 0.432422
2 0.976415 0.491352 0.047170 0.360764
2 0.244104 0.537065 0.129717 0.471958
3 0.176887 0.367802 0.094340 0.316286
4 0.132075 0.286260 0.075472 0.242156
5 0.096108 0.168888 0.069575 0.229802
6 0.047170 0.184949 0.056604 0.197679
0 0.656250 0.178959 0.137972 0.357918
0 0.520047 0.183714 0.129717 0.363235
1 0.793042 0.169075 0.133255 0.338150
1 0.392099 0.184949 0.126179 0.365706
2 0.919811 0.162898 0.122642 0.325796
2 0.292453 0.186185 0.110849 0.368177
3 0.206958 0.129352 0.083726 0.254511
4 0.139151 0.068813 0.051887 0.123549
5 0.067217 0.030700 0.073113 0.061400