0 0.573113 0.466252 0.136792 0.458407
0 0.434552 0.466252 0.135613 0.464031
1 0.691627 0.436723 0.102594 0.427471
1 0.312500 0.445160 0.106132 0.416222
2 0.783019 0.390320 0.077830 0.447157
2 0.218160 0.370634 0.082547 0.435908
3 0.842571 0.372040 0.041274 0.348727
3 0.144458 0.335480 0.060142 0.399348
4 0.880307 0.297514 0.031840 0.261545
4 0.097288 0.294701 0.034198 0.244671
5 0.912146 0.239861 0.031840 0.208111
5 0.068986 0.213144 0.024764 0.177176
7 0.032429 0.138618 0.036557 0.123742
7 0.935731 0.132993 0.034198 0.118117
0 0.534788 0.809354 0.090802 0.329040
0 0.443986 0.806542 0.090802 0.334665
1 0.627948 0.803730 0.093160 0.306542
1 0.350825 0.786856 0.090802 0.312167
2 0.716392 0.800917 0.086085 0.362788
2 0.265330 0.768576 0.080189 0.331853
3 0.786557 0.762951 0.058962 0.303730
3 0.195755 0.740453 0.080189 0.303730
4 0.834316 0.668739 0.036557 0.239046
4 0.143278 0.656083 0.062500 0.224985
5 0.879717 0.559059 0.051887 0.244671
5 0.080778 0.528123 0.093160 0.250296
7 0.917453 0.414225 0.035377 0.134991
7 0.042453 0.380477 0.049528 0.140616