0 0.558962 0.253420 0.127358 0.298302
0 0.434552 0.252217 0.123821 0.286274
1 0.667453 0.241392 0.089623 0.283868
1 0.325472 0.229363 0.084906 0.274245
2 0.748821 0.230566 0.070755 0.324764
2 0.250590 0.222146 0.064858 0.264623
3 0.794222 0.214929 0.043632 0.235755
3 0.201061 0.205307 0.041274 0.216509
4 0.822524 0.248608 0.050708 0.226132
4 0.165094 0.190873 0.044811 0.197264
5 0.866156 0.226958 0.055425 0.182830
7 0.912736 0.180047 0.040094 0.175613
6 0.115566 0.162005 0.033019 0.153962
7 0.088443 0.119906 0.021226 0.113066
0 0.547170 0.827170 0.084906 0.276651
0 0.464623 0.829575 0.080189 0.271840
1 0.629127 0.815142 0.081368 0.286274
1 0.385024 0.810330 0.076651 0.276651
2 0.702830 0.804316 0.080189 0.250189
2 0.306604 0.815142 0.077830 0.295896
3 0.766509 0.748986 0.051887 0.235755
3 0.258255 0.741769 0.063679 0.226132
4 0.798939 0.717712 0.043632 0.173208
4 0.211675 0.688844 0.064858 0.221321
5 0.864387 0.622689 0.073113 0.199670
6 0.905660 0.502406 0.047170 0.122689
5 0.160377 0.609458 0.070755 0.153962
6 0.127948 0.481958 0.057783 0.144340
7 0.134434 0.368892 0.056604 0.110660
7 0.905071 0.373703 0.055425 0.091415