0 0.575472 0.416351 0.150943 0.493666
0 0.424528 0.419094 0.150943 0.504636
1 0.707547 0.425950 0.113208 0.414131
1 0.294222 0.435549 0.104953 0.405903
2 0.791863 0.416351 0.086085 0.416873
2 0.212264 0.439663 0.084906 0.419616
3 0.849646 0.443777 0.071934 0.318140
3 0.154481 0.462975 0.073113 0.372992
4 0.898585 0.465718 0.063679 0.285229
4 0.102594 0.462975 0.063679 0.285229
5 0.933962 0.493144 0.047170 0.224892
5 0.070755 0.479431 0.037736 0.202951
0 0.549528 0.759175 0.091981 0.372992
0 0.456958 0.755061 0.086085 0.381220
1 0.640920 0.764660 0.093160 0.362022
1 0.365566 0.781115 0.096698 0.372992
2 0.729363 0.750947 0.079009 0.356536
2 0.282429 0.790714 0.071934 0.375735
3 0.798939 0.759175 0.057783 0.268774
3 0.208137 0.796199 0.076651 0.293457
4 0.852594 0.729006 0.047170 0.246833
4 0.156250 0.761917 0.048349 0.219407
5 0.899175 0.730377 0.048349 0.211179
5 0.106722 0.733120 0.053066 0.216664
6 0.924528 0.679639 0.028302 0.093248
6 0.080778 0.678268 0.031840 0.095991