0 0.525354 0.609506 0.137972 0.359806
0 0.380307 0.620457 0.154481 0.362935
1 0.645637 0.632972 0.102594 0.375450
1 0.256486 0.678339 0.090802 0.341034
2 0.739976 0.651744 0.088443 0.400480
2 0.174528 0.700240 0.073113 0.372321
3 0.808962 0.631407 0.051887 0.322261
3 0.112028 0.651744 0.047170 0.287845
4 0.857311 0.626714 0.044811 0.269072
4 0.068986 0.667388 0.041274 0.262815
5 0.906250 0.670517 0.053066 0.287845
5 0.023585 0.704933 0.047170 0.256557
0 0.491156 0.190254 0.076651 0.240914
0 0.419222 0.201204 0.067217 0.262815
1 0.571934 0.196511 0.082547 0.247171
1 0.346108 0.213719 0.079009 0.269072
2 0.658019 0.218413 0.089623 0.253429
2 0.265330 0.219977 0.082547 0.294102
3 0.745873 0.221541 0.086085 0.253429
3 0.193396 0.227799 0.066038 0.309746
4 0.801297 0.243443 0.064858 0.209626
4 0.142099 0.254393 0.057783 0.250300
5 0.853184 0.295067 0.064858 0.168952
5 0.077241 0.302889 0.067217 0.234656
6 0.907429 0.395187 0.050708 0.150180
6 0.029481 0.424910 0.054245 0.172081