0 0.583137 0.322371 0.135613 0.476794
0 0.445165 0.317696 0.140330 0.473678
1 0.701651 0.336394 0.096698 0.373956
1 0.323703 0.356650 0.100236 0.364607
2 0.791274 0.356650 0.082547 0.414468
2 0.231132 0.376906 0.101415 0.386421
3 0.844340 0.400278 0.061321 0.289816
3 0.169811 0.412744 0.077830 0.302281
4 0.884434 0.417418 0.058962 0.243071
4 0.112618 0.415860 0.071934 0.264886
5 0.932783 0.426767 0.061321 0.249304
5 0.058962 0.467279 0.068396 0.211908
0 0.550708 0.585698 0.082547 0.355258
0 0.464033 0.588815 0.076651 0.361491
1 0.637972 0.596605 0.091981 0.327212
1 0.379127 0.590373 0.083726 0.339677
2 0.722877 0.646466 0.077830 0.383305
2 0.294811 0.688536 0.082547 0.411352
3 0.794811 0.683862 0.063679 0.345909
3 0.219929 0.672955 0.067217 0.299165
4 0.845519 0.671397 0.054245 0.258653
4 0.162736 0.685420 0.047170 0.243071
5 0.884434 0.680745 0.042453 0.227490
5 0.109080 0.665164 0.057783 0.215025
6 0.920991 0.627768 0.035377 0.158931
6 0.068986 0.644908 0.045991 0.143350