0 0.561321 0.357596 0.221698 0.653229
0 0.326061 0.368048 0.218160 0.674133
1 0.754127 0.324935 0.168632 0.593132
1 0.137382 0.348451 0.161557 0.603584
2 0.896226 0.322322 0.120283 0.614035
2 0.028302 0.408548 0.056604 0.488615
3 0.977005 0.301418 0.045990 0.410228
0 0.488797 0.813363 0.137972 0.373274
0 0.354363 0.808137 0.128538 0.383725
1 0.652712 0.801605 0.173349 0.396790
1 0.212264 0.821202 0.150943 0.357596
2 0.798939 0.791153 0.156840 0.417693
2 0.085495 0.822508 0.140330 0.354983
3 0.912736 0.775663 0.127358 0.444196
4 0.975236 0.665920 0.049528 0.318776