0 0.558373 0.397324 0.152123 0.426261
0 0.402123 0.386434 0.158019 0.441818
1 0.688679 0.342875 0.108491 0.416927
1 0.269458 0.342875 0.104953 0.466709
2 0.770637 0.325762 0.081368 0.413815
2 0.182783 0.316428 0.066038 0.432484
3 0.823703 0.310205 0.055425 0.351587
3 0.132665 0.291537 0.053066 0.382701
4 0.863208 0.272868 0.040094 0.283137
4 0.097877 0.260423 0.035377 0.295582
5 0.905660 0.249533 0.047170 0.180461
5 0.054835 0.235532 0.048349 0.227132
0 0.539505 0.775358 0.097877 0.286248
0 0.441627 0.770691 0.097877 0.283137
1 0.639151 0.766024 0.103774 0.273803
1 0.355542 0.748911 0.097877 0.314251
2 0.725236 0.703796 0.084906 0.280025
2 0.268868 0.710019 0.075472 0.292471
3 0.788325 0.650903 0.074292 0.261357
3 0.204599 0.650903 0.067217 0.261357
4 0.831958 0.582452 0.062500 0.224020
4 0.155660 0.591786 0.056604 0.211575
5 0.889151 0.507778 0.061321 0.224020