0 0.594340 0.205482 0.179245 0.391101
0 0.414505 0.206674 0.170991 0.393486
1 0.745283 0.219791 0.122642 0.314788
1 0.265920 0.204290 0.126179 0.355329
2 0.857311 0.198328 0.101415 0.348175
2 0.155660 0.206674 0.094340 0.374407
3 0.931604 0.229330 0.070755 0.281402
3 0.086675 0.248408 0.067217 0.262324
4 0.978774 0.243638 0.040094 0.224168
4 0.046580 0.253177 0.048349 0.214628
5 0.017689 0.255562 0.035377 0.181242
0 0.574882 0.830289 0.104953 0.338636
0 0.464623 0.838832 0.113208 0.322335
1 0.681604 0.820750 0.108491 0.343406
1 0.358491 0.829097 0.094340 0.326712
2 0.788325 0.819558 0.104953 0.331482
2 0.258844 0.821943 0.104953 0.341021
3 0.869693 0.768286 0.095519 0.276632
3 0.171580 0.780209 0.090802 0.290941
4 0.924528 0.725360 0.073113 0.248015
4 0.120283 0.727745 0.070755 0.243246
5 0.966981 0.687204 0.063679 0.214628
5 0.071934 0.694358 0.087264 0.228937
6 0.046580 0.585851 0.067217 0.188396