0 0.566038 0.209659 0.198113 0.419318
0 0.349057 0.209241 0.224057 0.377530
1 0.724057 0.201630 0.117925 0.362307
1 0.166274 0.208137 0.141509 0.416274
2 0.836085 0.192914 0.110849 0.385828
2 0.048349 0.199003 0.091981 0.398006
3 0.931604 0.201630 0.080189 0.374485
4 0.985259 0.187929 0.029481 0.261835
0 0.607311 0.678109 0.127358 0.274014
0 0.469340 0.685720 0.120283 0.234434
1 0.761203 0.656797 0.137972 0.267925
1 0.347877 0.661364 0.115566 0.258791
2 0.232901 0.633962 0.114387 0.240523
2 0.880307 0.621784 0.100236 0.228345
3 0.955189 0.550236 0.063679 0.158319
3 0.126179 0.598949 0.096698 0.158319