0 0.440448 0.400464 0.201651 0.507223
0 0.249410 0.411372 0.180425 0.474499
1 0.617335 0.371831 0.152123 0.460864
1 0.095519 0.405918 0.120283 0.398143
2 0.752358 0.365013 0.117925 0.414505
2 0.022995 0.374558 0.045990 0.324514
3 0.859670 0.291384 0.096698 0.419959
4 0.940448 0.262751 0.064858 0.286335
0 0.407429 0.888395 0.119104 0.223209
0 0.293632 0.889759 0.108491 0.220482
1 0.534788 0.858398 0.135613 0.283203
1 0.183962 0.853147 0.113208 0.283608
2 0.659788 0.839309 0.109670 0.321381
2 0.069575 0.842036 0.108491 0.315927
3 0.773585 0.851581 0.115566 0.296838
4 0.877358 0.757702 0.094340 0.278154
5 0.958137 0.639077 0.074292 0.220887
6 0.964623 0.474093 0.051887 0.098172