0 0.509434 0.409483 0.143868 0.339786
0 0.370873 0.415054 0.137972 0.328645
1 0.634434 0.377454 0.103774 0.309149
1 0.260024 0.394165 0.079009 0.275728
2 0.738208 0.392773 0.103774 0.317505
2 0.182193 0.410876 0.093160 0.281298
3 0.815448 0.364921 0.053066 0.256232
3 0.120283 0.388595 0.051887 0.236736
4 0.864976 0.339855 0.045991 0.217240
4 0.090212 0.399735 0.022406 0.142042
0 0.482901 0.740914 0.088443 0.233951
0 0.393868 0.732558 0.089623 0.233951
1 0.577830 0.715847 0.099057 0.211670
1 0.304245 0.699137 0.089623 0.200529
2 0.667453 0.658752 0.089623 0.181033
2 0.241745 0.629508 0.058962 0.133686
3 0.742335 0.596087 0.076651 0.111405