0 0.550118 0.363859 0.196934 0.442059
0 0.361439 0.386282 0.182783 0.397212
1 0.711675 0.315809 0.128538 0.435652
1 0.211085 0.333427 0.113208 0.355569
2 0.831958 0.296589 0.116745 0.422839
2 0.097877 0.266157 0.108491 0.413229
3 0.916274 0.258149 0.073113 0.345959
3 0.021226 0.242132 0.042452 0.365179
4 0.977005 0.237328 0.045990 0.246656
0 0.521816 0.914170 0.119104 0.171659
0 0.410377 0.918034 0.103774 0.147353
1 0.632665 0.857171 0.123821 0.217826
1 0.300118 0.897212 0.116745 0.176183
2 0.751179 0.828341 0.110849 0.217826
2 0.203420 0.884399 0.074292 0.188996
3 0.849646 0.801112 0.081368 0.195403
3 0.113797 0.821934 0.102594 0.269079
4 0.916863 0.738648 0.064858 0.230639
4 0.060142 0.769079 0.075472 0.310722
5 0.966981 0.644150 0.066038 0.227436