0 0.535967 0.455919 0.128538 0.385298
0 0.406840 0.449389 0.129717 0.391829
1 0.649764 0.449389 0.094340 0.398359
1 0.300118 0.416736 0.081368 0.391829
2 0.735849 0.451021 0.080189 0.401625
2 0.215212 0.405308 0.079009 0.368972
3 0.795991 0.439593 0.061321 0.352646
3 0.145637 0.400410 0.055425 0.339585
4 0.843750 0.428165 0.057783 0.316728
4 0.100825 0.413471 0.057783 0.293872
5 0.880307 0.418369 0.038915 0.212241
5 0.047170 0.323677 0.047170 0.205710
0 0.510024 0.762852 0.074292 0.241628
0 0.434552 0.762852 0.076651 0.248158
1 0.590212 0.743260 0.083726 0.261219
1 0.350825 0.749791 0.083726 0.274280
2 0.670401 0.728567 0.076651 0.251424
2 0.264741 0.692649 0.086085 0.342850
3 0.744104 0.702445 0.066038 0.231832
3 0.191038 0.671425 0.061321 0.235097
4 0.798939 0.691017 0.043632 0.143671