0 0.531250 0.532336 0.121462 0.298832
0 0.405660 0.533451 0.122642 0.296602
1 0.634434 0.510035 0.077830 0.276531
1 0.304245 0.493310 0.075472 0.278761
2 0.712854 0.477699 0.076651 0.301062
2 0.233491 0.479929 0.061321 0.301062
3 0.779481 0.476584 0.056604 0.218549
3 0.178656 0.479929 0.045991 0.202938
4 0.826651 0.447593 0.037736 0.147186
4 0.141509 0.457628 0.028302 0.144956
5 0.859670 0.405221 0.025943 0.102584
5 0.115566 0.427522 0.023585 0.102584
0 0.499410 0.785452 0.074292 0.238620
0 0.422759 0.789912 0.079009 0.238620
1 0.574882 0.779876 0.081368 0.263151
1 0.349057 0.773186 0.070755 0.267611
2 0.655071 0.773186 0.079009 0.249770
2 0.275943 0.768726 0.070755 0.263151
3 0.726415 0.710744 0.066038 0.214089
3 0.223467 0.720779 0.055425 0.180637
4 0.784198 0.634921 0.049528 0.160567
4 0.181014 0.651646 0.043632 0.140496
5 0.833137 0.578053 0.050708 0.109274
5 0.143278 0.608159 0.034198 0.098124