0 0.582547 0.339457 0.148585 0.481630
0 0.431014 0.343835 0.154481 0.490387
1 0.708137 0.335078 0.102594 0.373628
1 0.300118 0.352592 0.104953 0.379466
2 0.800118 0.335078 0.081368 0.396980
2 0.209316 0.359890 0.071934 0.411575
3 0.870873 0.365727 0.057783 0.341519
3 0.150354 0.399296 0.041274 0.344438
4 0.920991 0.365727 0.040094 0.294816
4 0.109080 0.387620 0.036557 0.303573
5 0.962264 0.326321 0.042453 0.245193
5 0.068396 0.335078 0.042453 0.274383
6 0.032429 0.305889 0.029481 0.227680
0 0.554245 0.683895 0.089623 0.300654
0 0.463443 0.691192 0.087264 0.315249
1 0.649764 0.640110 0.096698 0.312330
1 0.372642 0.670760 0.089623 0.350276
2 0.743514 0.664922 0.090802 0.402818
2 0.284788 0.660543 0.086085 0.318168
3 0.826061 0.637192 0.079009 0.312330
3 0.208726 0.669300 0.068396 0.248112
4 0.888561 0.625516 0.062500 0.189733
4 0.151533 0.647408 0.045991 0.175138
5 0.939269 0.574434 0.055425 0.163462
5 0.099057 0.603623 0.063679 0.204328
6 0.049528 0.567136 0.033019 0.154705