0 0.568986 0.385024 0.142689 0.515094
0 0.423939 0.391156 0.142689 0.527358
1 0.683373 0.362028 0.083726 0.438443
1 0.307783 0.374292 0.089623 0.438443
2 0.766509 0.311439 0.084906 0.453774
2 0.229953 0.332901 0.077830 0.459906
3 0.830189 0.316038 0.063679 0.370991
3 0.168042 0.303774 0.081368 0.426179
4 0.879717 0.311439 0.061321 0.343396
4 0.114387 0.289976 0.049528 0.349528
5 0.933962 0.303774 0.058962 0.279009
5 0.073113 0.280778 0.051887 0.294340
0 0.544811 0.739151 0.080189 0.420047
0 0.459906 0.740684 0.073113 0.435377
1 0.628538 0.743750 0.087264 0.410849
1 0.382075 0.719222 0.077830 0.398585
2 0.704599 0.699292 0.079009 0.401651
2 0.306604 0.728420 0.075472 0.392453
3 0.773585 0.673231 0.077830 0.355660
3 0.231722 0.667099 0.069575 0.343396
4 0.840802 0.651769 0.056604 0.300472
4 0.168632 0.636439 0.073113 0.306604
5 0.903302 0.556722 0.063679 0.220755
5 0.104363 0.544458 0.055425 0.226887