0 0.531840 0.389446 0.139151 0.448113
0 0.397995 0.392394 0.126179 0.436321
1 0.652712 0.349646 0.104953 0.392099
1 0.290684 0.377653 0.090802 0.347877
2 0.738208 0.334906 0.080189 0.386203
2 0.204009 0.346698 0.073113 0.386203
3 0.795401 0.327535 0.050708 0.318396
3 0.151533 0.311321 0.048349 0.333137
4 0.836675 0.295106 0.050708 0.312500
4 0.114976 0.290684 0.041274 0.256486
5 0.879717 0.290684 0.049528 0.209316
5 0.089623 0.221403 0.028302 0.153302
6 0.913325 0.262677 0.031840 0.170991
0 0.502358 0.788915 0.099057 0.374410
0 0.410967 0.784493 0.086085 0.371462
1 0.593750 0.771226 0.086085 0.362618
1 0.328420 0.762382 0.079009 0.362618
2 0.678656 0.735849 0.086085 0.362618
2 0.267099 0.715212 0.079009 0.368514
3 0.753538 0.701946 0.091981 0.341981
3 0.204009 0.653302 0.077830 0.244693
4 0.797759 0.623821 0.069575 0.268278
4 0.149175 0.581073 0.062500 0.188679
5 0.850825 0.556014 0.071934 0.203420
5 0.103774 0.498526 0.047170 0.159198
7 0.890920 0.477889 0.048349 0.123821
7 0.076061 0.390920 0.034198 0.138561