0 0.577830 0.417427 0.153302 0.377156
0 0.422759 0.426354 0.156840 0.377156
1 0.702830 0.357172 0.094340 0.350375
1 0.291863 0.380605 0.102594 0.357070
2 0.789505 0.346013 0.088443 0.372692
2 0.191627 0.333739 0.097877 0.379387
3 0.860259 0.344898 0.053066 0.249949
3 0.104953 0.333739 0.073113 0.267803
4 0.905071 0.318117 0.036557 0.196389
4 0.046580 0.304727 0.041274 0.187462
5 0.937500 0.282410 0.030660 0.147292
5 0.014151 0.280179 0.028302 0.129438
0 0.545991 0.737675 0.084906 0.312437
0 0.455189 0.741023 0.094340 0.301278
1 0.632075 0.730980 0.084906 0.357070
1 0.359670 0.737675 0.096698 0.339217
2 0.719340 0.699736 0.084906 0.361534
2 0.257075 0.715358 0.108491 0.343680
3 0.787146 0.639481 0.074292 0.267803
3 0.175118 0.607121 0.095519 0.278961
4 0.846108 0.569182 0.043632 0.194157
4 0.102594 0.534591 0.066038 0.214242
5 0.891509 0.496652 0.040094 0.142828
6 0.041863 0.466525 0.057783 0.122743
7 0.935731 0.414080 0.029481 0.102658