0 0.547170 0.378426 0.141509 0.404394
0 0.403892 0.382265 0.140330 0.391597
1 0.672170 0.359230 0.106132 0.371121
1 0.284198 0.366908 0.099057 0.350645
2 0.764741 0.350272 0.076651 0.378799
2 0.195165 0.368188 0.076651 0.378799
3 0.831368 0.333635 0.054245 0.309694
3 0.136792 0.356671 0.056604 0.319932
4 0.875000 0.311880 0.033019 0.261064
4 0.093750 0.337475 0.029481 0.250827
5 0.908019 0.267090 0.030660 0.243148
5 0.064269 0.292684 0.027123 0.222673
7 0.944575 0.185187 0.037736 0.217554
0 0.514151 0.686840 0.087264 0.371121
0 0.420991 0.685561 0.094340 0.373680
1 0.612028 0.708596 0.103774 0.353205
1 0.323703 0.667644 0.097877 0.389037
2 0.704009 0.681721 0.091981 0.366002
2 0.242335 0.688120 0.086085 0.383918
3 0.785377 0.635651 0.073113 0.284100
3 0.177476 0.649728 0.071934 0.255946
4 0.843750 0.599819 0.064858 0.222673
4 0.128538 0.611336 0.054245 0.220113
5 0.904481 0.514077 0.068396 0.220113
5 0.076651 0.529434 0.054245 0.209875
7 0.949882 0.428335 0.045991 0.171483
7 0.042453 0.441133 0.037736 0.130532