0 0.616156 0.637717 0.173349 0.423167
0 0.449882 0.643977 0.163915 0.430679
1 0.762382 0.608922 0.116745 0.385608
1 0.307193 0.645229 0.116745 0.368080
2 0.864976 0.581378 0.107311 0.445703
2 0.212854 0.664009 0.086085 0.405640
3 0.929835 0.531299 0.060142 0.325513
3 0.151533 0.640221 0.057783 0.292962
4 0.975236 0.540063 0.049528 0.277938
4 0.118514 0.621441 0.034198 0.270426
5 0.087264 0.661505 0.030660 0.250395
0 0.571934 0.275897 0.110849 0.300474
0 0.471108 0.294676 0.095519 0.262915
1 0.684552 0.287164 0.116745 0.353057
1 0.376179 0.314708 0.096698 0.353057
2 0.778892 0.214550 0.097877 0.428175
2 0.286557 0.233098 0.084906 0.466196
3 0.849646 0.222062 0.062500 0.287954
3 0.221698 0.318464 0.047170 0.335529
4 0.895047 0.237085 0.049528 0.242883
4 0.169222 0.310952 0.055425 0.340537
5 0.935142 0.275897 0.047170 0.175276
5 0.127358 0.353519 0.025943 0.255403
6 0.981132 0.329732 0.037736 0.147733