0 0.538325 0.406646 0.119104 0.429031
0 0.416274 0.396715 0.120283 0.448893
1 0.641509 0.360962 0.084906 0.385333
1 0.316038 0.343086 0.080189 0.429031
2 0.722288 0.362948 0.069575 0.325746
2 0.240566 0.335141 0.068396 0.429031
3 0.782429 0.384797 0.048349 0.234378
3 0.179245 0.331168 0.054245 0.341636
4 0.827830 0.355003 0.042453 0.222460
4 0.135613 0.297402 0.035377 0.274103
5 0.863208 0.277540 0.028302 0.139038
5 0.102005 0.239801 0.031840 0.190680
0 0.491745 0.722460 0.094340 0.202598
0 0.403892 0.702598 0.081368 0.226433
1 0.584906 0.660887 0.094340 0.270131
1 0.316627 0.660887 0.093160 0.270131
2 0.679835 0.633079 0.090802 0.230405
2 0.235849 0.631093 0.068396 0.274103
3 0.752358 0.575478 0.054245 0.186708
3 0.178656 0.589381 0.045991 0.222460
4 0.805425 0.557601 0.044811 0.127120
5 0.129717 0.500000 0.042453 0.139038