0 0.583726 0.674604 0.158019 0.482730
0 0.435731 0.686587 0.140330 0.465612
1 0.721108 0.672893 0.114387 0.465612
1 0.313679 0.708841 0.103774 0.427952
2 0.825472 0.691722 0.096698 0.325243
2 0.225825 0.720823 0.104953 0.424528
3 0.886203 0.713976 0.053066 0.246500
3 0.160377 0.785872 0.084906 0.308125
4 0.937500 0.751636 0.063679 0.260195
4 0.122052 0.791007 0.055425 0.284160
5 0.093160 0.799566 0.033019 0.198570
0 0.556604 0.345937 0.103774 0.243077
0 0.452241 0.349361 0.102594 0.229382
1 0.659788 0.351073 0.088443 0.287584
1 0.344929 0.368191 0.102594 0.280736
2 0.752948 0.393868 0.086085 0.373174
2 0.257075 0.399003 0.070755 0.301278
3 0.830189 0.440087 0.066038 0.273889
3 0.192217 0.472611 0.058962 0.256771
4 0.881486 0.505135 0.050708 0.171181
4 0.155660 0.546219 0.037736 0.178028
5 0.928656 0.541083 0.045991 0.154063
5 0.116745 0.570184 0.040094 0.157486