0 0.527199 0.909015 0.070318 0.125209
0 0.455554 0.909850 0.070318 0.130217
1 0.600170 0.896494 0.094200 0.146912
1 0.388552 0.885643 0.095526 0.155259
2 0.671815 0.840568 0.102160 0.141903
2 0.316244 0.838898 0.110121 0.138564
3 0.743460 0.752922 0.104814 0.146912
3 0.249906 0.751252 0.102160 0.153589
4 0.773975 0.636895 0.126042 0.148581
4 0.222045 0.634391 0.131349 0.156928
5 0.810461 0.494157 0.164518 0.230384
5 0.188212 0.494992 0.172478 0.222037
6 0.863531 0.314691 0.164518 0.208681
6 0.143766 0.308013 0.176459 0.218698
7 0.891393 0.126043 0.151250 0.208681
7 0.115241 0.120200 0.167171 0.213689