0 0.540094 0.324188 0.139151 0.390694
0 0.398585 0.321583 0.143868 0.385485
1 0.658608 0.302048 0.097877 0.362043
1 0.285377 0.296839 0.096698 0.356834
2 0.745873 0.296839 0.074292 0.377671
2 0.206368 0.278607 0.073113 0.362043
3 0.807783 0.292932 0.047170 0.322974
3 0.159788 0.291630 0.050708 0.309950
4 0.841981 0.308560 0.035377 0.250044
4 0.130307 0.282514 0.022406 0.260463
5 0.879717 0.246049 0.042453 0.250044
5 0.114976 0.242142 0.031840 0.205765
0 0.508255 0.696649 0.082547 0.255253
0 0.426887 0.688835 0.077830 0.265672
1 0.590212 0.697952 0.081368 0.257858
1 0.344929 0.679719 0.083726 0.257858
2 0.680425 0.681021 0.096698 0.291718
2 0.262972 0.662789 0.094340 0.276090
3 0.748231 0.670603 0.079009 0.281300
3 0.206958 0.651068 0.074292 0.268276
4 0.801297 0.641952 0.057783 0.250044
4 0.160377 0.625022 0.056604 0.216184
5 0.856722 0.576836 0.071934 0.192742
7 0.126769 0.542976 0.048349 0.135441