0 0.561321 0.407248 0.141509 0.462334
0 0.418632 0.401540 0.143868 0.462334
1 0.678066 0.381563 0.091981 0.433795
1 0.299528 0.377282 0.091981 0.430941
2 0.758255 0.378709 0.082547 0.439503
2 0.218160 0.375855 0.080189 0.445210
3 0.824292 0.398686 0.068396 0.353885
3 0.156250 0.400113 0.050708 0.328200
4 0.870873 0.394405 0.041274 0.311077
4 0.113797 0.360158 0.055425 0.402402
5 0.898585 0.363012 0.033019 0.322492
5 0.073703 0.348743 0.038915 0.362447
6 0.929835 0.343035 0.027123 0.299661
6 0.040684 0.334473 0.024764 0.259706
0 0.521226 0.746863 0.084906 0.342470
0 0.435731 0.752571 0.081368 0.348177
1 0.609670 0.755425 0.087264 0.348177
1 0.349646 0.751144 0.093160 0.333908
2 0.692807 0.765414 0.076651 0.351031
2 0.261792 0.719751 0.080189 0.299661
3 0.758844 0.712617 0.086085 0.319638
3 0.187500 0.715470 0.070755 0.325346
4 0.814858 0.681223 0.047170 0.245437
4 0.136792 0.669808 0.047170 0.222605
5 0.863797 0.645550 0.055425 0.185504
5 0.087854 0.659819 0.053066 0.242583
6 0.909198 0.611303 0.040094 0.191212
6 0.044811 0.607022 0.033019 0.188358