0 0.594340 0.269990 0.172170 0.504455
0 0.413915 0.290900 0.188679 0.478317
1 0.729363 0.288286 0.095519 0.389449
1 0.268868 0.314423 0.103774 0.384222
2 0.807783 0.313117 0.082547 0.386836
2 0.170401 0.340561 0.090802 0.394677
3 0.858491 0.344482 0.056604 0.240465
3 0.117925 0.370619 0.058962 0.271830
4 0.897406 0.334027 0.035377 0.219555
4 0.074882 0.354937 0.048349 0.240465
5 0.926297 0.328799 0.022406 0.167280
0 0.537146 0.693418 0.107311 0.441724
0 0.428066 0.696032 0.110849 0.436497
1 0.642099 0.669894 0.102594 0.394677
1 0.320755 0.694725 0.103774 0.402518
2 0.741156 0.672508 0.097877 0.389449
2 0.231722 0.689497 0.086085 0.365926
3 0.813679 0.633301 0.082547 0.258762
3 0.149764 0.671201 0.091981 0.266603
4 0.867925 0.582333 0.084906 0.235238
4 0.093750 0.613698 0.081368 0.214328
5 0.909788 0.522217 0.038915 0.141143
5 0.053656 0.550968 0.031840 0.141143