0 0.533019 0.325720 0.188679 0.551055
0 0.346698 0.337339 0.183962 0.580932
1 0.685731 0.274267 0.116745 0.487983
1 0.192217 0.299164 0.120283 0.524498
2 0.791863 0.244390 0.095519 0.481343
2 0.086085 0.257469 0.091981 0.514938
3 0.862618 0.192737 0.069575 0.385473
3 0.027123 0.225933 0.054245 0.451866
4 0.919811 0.154561 0.044811 0.309122
5 0.971108 0.113066 0.057783 0.226132
0 0.512382 0.780507 0.114387 0.318683
0 0.391509 0.775528 0.127358 0.288806
1 0.619693 0.724074 0.116745 0.351879
1 0.270637 0.700836 0.112028 0.278847
2 0.727005 0.670960 0.097877 0.298765
2 0.172170 0.646063 0.082547 0.229053
3 0.802476 0.582990 0.097877 0.255610
3 0.090212 0.597928 0.079009 0.165980
4 0.860849 0.503320 0.080189 0.248971
4 0.034788 0.516598 0.057783 0.142743
5 0.928656 0.426969 0.076651 0.235692