0 0.568396 0.237887 0.129717 0.295432
0 0.437500 0.244551 0.129717 0.286547
1 0.676887 0.233445 0.087264 0.233236
1 0.321344 0.257879 0.100236 0.233236
2 0.758844 0.241219 0.074292 0.217687
2 0.229363 0.271207 0.079009 0.233236
3 0.816038 0.255658 0.042453 0.166597
3 0.166274 0.281203 0.044811 0.173261
4 0.852594 0.281203 0.040094 0.146605
4 0.117335 0.274539 0.050708 0.124392
0 0.587854 0.774330 0.100236 0.177703
0 0.489976 0.777662 0.095519 0.175482
1 0.673939 0.748785 0.086085 0.188810
1 0.395047 0.783215 0.094340 0.186589
2 0.744104 0.717687 0.058962 0.184367
2 0.301887 0.766555 0.091981 0.193252
3 0.798939 0.696584 0.053066 0.168818
3 0.215802 0.747674 0.073113 0.182146
4 0.146226 0.716576 0.061321 0.155491
5 0.097877 0.665486 0.063679 0.142163
4 0.846108 0.651048 0.050708 0.135499