0 0.557783 0.457558 0.132075 0.516684
0 0.423939 0.455713 0.130896 0.527756
1 0.667453 0.405890 0.089623 0.487159
1 0.306014 0.442796 0.102594 0.516684
2 0.757075 0.350531 0.089623 0.472397
2 0.216981 0.343149 0.075472 0.472397
3 0.835495 0.284100 0.064858 0.405966
3 0.151533 0.263802 0.053066 0.350607
4 0.891509 0.199216 0.049528 0.302629
4 0.107901 0.208443 0.031840 0.269414
6 0.932783 0.125404 0.030660 0.177149
6 0.078420 0.162310 0.029481 0.162386
0 0.520047 0.704828 0.073113 0.265723
0 0.440448 0.702983 0.069575 0.262033
1 0.609080 0.669768 0.083726 0.269414
1 0.362028 0.710364 0.077830 0.225127