0 0.554245 0.370301 0.158019 0.288434
0 0.397406 0.368366 0.158019 0.296177
1 0.678066 0.323842 0.110849 0.276819
1 0.268868 0.323842 0.096698 0.296177
2 0.768278 0.274479 0.095519 0.325214
2 0.187500 0.275447 0.084906 0.315535
3 0.848467 0.238667 0.064858 0.300049
3 0.127358 0.246410 0.058962 0.253590
4 0.893868 0.155428 0.025943 0.180029
4 0.096108 0.216405 0.024764 0.185837
5 0.064858 0.183497 0.037736 0.162607
0 0.587854 0.805856 0.095519 0.156800
0 0.491156 0.803921 0.095519 0.164543
1 0.682783 0.795210 0.089623 0.162607
1 0.393868 0.798113 0.099057 0.172286
2 0.748231 0.733264 0.076651 0.147121
2 0.298349 0.758429 0.096698 0.143249
3 0.794222 0.642281 0.062500 0.112276
3 0.223467 0.679062 0.074292 0.131634
4 0.813090 0.574528 0.057783 0.116148
4 0.185731 0.610341 0.062500 0.129699
5 0.845519 0.523230 0.047170 0.114212
5 0.140920 0.550331 0.053066 0.121955
6 0.855542 0.454509 0.034198 0.085175
6 0.119693 0.493225 0.050708 0.108405
7 0.877948 0.395467 0.038915 0.083239
7 0.101415 0.397403 0.042453 0.079368