0 0.557783 0.289551 0.122642 0.397369
0 0.436321 0.292165 0.117925 0.386912
1 0.658608 0.290858 0.097877 0.342469
1 0.329599 0.301315 0.093160 0.337241
2 0.748821 0.241187 0.082547 0.373841
2 0.244104 0.263409 0.091981 0.350312
3 0.808373 0.225502 0.055425 0.279727
3 0.172759 0.215045 0.067217 0.332012
4 0.845519 0.212430 0.040094 0.253584
4 0.136792 0.170602 0.035377 0.290184
5 0.878538 0.186288 0.040094 0.237899
5 0.102594 0.141845 0.035377 0.222213
7 0.917453 0.126159 0.040094 0.216984
7 0.071344 0.072567 0.027123 0.135942
0 0.523585 0.799334 0.080189 0.298027
0 0.441627 0.808484 0.081368 0.305870
1 0.606132 0.794105 0.087264 0.324170
1 0.357311 0.809791 0.084906 0.313712
2 0.693396 0.786263 0.084906 0.355541
2 0.269458 0.803255 0.086085 0.342469
3 0.752358 0.808484 0.080189 0.337241
3 0.205189 0.791491 0.063679 0.256199
4 0.810731 0.756199 0.064858 0.295413
4 0.160967 0.728749 0.060142 0.224827
5 0.860849 0.654242 0.061321 0.248356
5 0.103774 0.647706 0.084906 0.292798
6 0.916274 0.577121 0.049528 0.277113
6 0.043042 0.502614 0.074292 0.264041