0 0.564858 0.384654 0.141509 0.511664
0 0.425118 0.378739 0.135613 0.517579
1 0.670401 0.377260 0.102594 0.425893
1 0.310142 0.372824 0.089623 0.428851
2 0.757665 0.340290 0.093160 0.464342
2 0.228184 0.338811 0.102594 0.455469
3 0.835495 0.315150 0.064858 0.408148
3 0.153302 0.329938 0.063679 0.402233
4 0.869693 0.315150 0.036557 0.384487
4 0.105542 0.316629 0.050708 0.351954
5 0.901533 0.275223 0.038915 0.346038
5 0.058373 0.290011 0.041274 0.298717
0 0.545991 0.757311 0.087264 0.422936
0 0.450472 0.752874 0.089623 0.425893
1 0.637382 0.741044 0.093160 0.396317
1 0.358491 0.723298 0.094340 0.396317
2 0.713443 0.738086 0.080189 0.402233
2 0.272995 0.738086 0.076651 0.390402
3 0.780071 0.684850 0.053066 0.378572
3 0.207547 0.699638 0.056604 0.343081
4 0.826651 0.678934 0.040094 0.319420
4 0.158608 0.664146 0.043632 0.278014
5 0.864976 0.661189 0.034198 0.307590
6 0.099646 0.616825 0.071934 0.254353