0 0.543042 0.359844 0.149764 0.519095
0 0.393278 0.370226 0.152123 0.526016
1 0.668632 0.397911 0.103774 0.401433
1 0.263561 0.410024 0.102594 0.384130
2 0.755307 0.323508 0.067217 0.411815
2 0.179245 0.346002 0.066038 0.436040
3 0.816627 0.295823 0.055425 0.314917
3 0.132665 0.346002 0.045991 0.276851
4 0.860259 0.266407 0.050708 0.269929
4 0.099646 0.276789 0.036557 0.221480
5 0.903302 0.204116 0.051887 0.249165
5 0.071934 0.238722 0.035377 0.166110
7 0.953420 0.088185 0.041274 0.155728
7 0.037146 0.172970 0.029481 0.138425
0 0.502948 0.731862 0.090802 0.439500
0 0.414505 0.721480 0.086085 0.425658
1 0.593750 0.693795 0.093160 0.370288
1 0.327241 0.719750 0.088443 0.394512
2 0.681604 0.711099 0.080189 0.384130
2 0.248821 0.716289 0.068396 0.366827
3 0.750590 0.591707 0.057783 0.263008
3 0.189269 0.626313 0.048349 0.263008
4 0.809552 0.503461 0.053066 0.224941
5 0.854953 0.455012 0.040094 0.169571