0 0.544222 0.239495 0.168632 0.449047
0 0.380307 0.256766 0.159198 0.437533
1 0.675708 0.251009 0.091981 0.443290
1 0.258255 0.291308 0.082547 0.397234
2 0.764151 0.291308 0.084906 0.426019
2 0.188090 0.304262 0.055425 0.394355
3 0.827830 0.358953 0.042453 0.336785
3 0.154481 0.360393 0.044811 0.305122
4 0.857901 0.402131 0.031840 0.221645
4 0.122642 0.379103 0.021226 0.164075
5 0.886203 0.422280 0.027123 0.175589
0 0.485849 0.792168 0.096698 0.374206
0 0.389151 0.789290 0.099057 0.379963
1 0.590802 0.795047 0.110849 0.391477
1 0.292453 0.784972 0.094340 0.394355
2 0.681014 0.806561 0.074292 0.368449
2 0.214623 0.770579 0.056604 0.377084
3 0.757665 0.818075 0.081368 0.351178
3 0.162736 0.760505 0.051887 0.276336
4 0.801297 0.783533 0.038915 0.270579
4 0.140920 0.697178 0.076651 0.241794
5 0.846698 0.764822 0.051887 0.227402
6 0.858491 0.671271 0.049528 0.132411