0 0.623231 0.300279 0.163915 0.477112
0 0.455189 0.278087 0.158019 0.462318
1 0.760613 0.272540 0.110849 0.473413
1 0.341981 0.287334 0.061321 0.355060
2 0.853774 0.237980 0.075472 0.475959
2 0.291274 0.303977 0.035377 0.292185
3 0.913325 0.257745 0.060142 0.325472
3 0.231722 0.270690 0.081368 0.410538
4 0.956368 0.272540 0.047170 0.340266
4 0.181014 0.302128 0.048349 0.325472
5 0.988208 0.194870 0.023584 0.251501
5 0.140330 0.268841 0.068396 0.318075
6 0.101415 0.213363 0.033019 0.207118
7 0.071344 0.146789 0.036557 0.221913
0 0.537146 0.625750 0.104953 0.306979
0 0.651533 0.623901 0.114387 0.288486
1 0.760613 0.653489 0.096698 0.392045
1 0.430425 0.653489 0.106132 0.362457
2 0.840212 0.664585 0.093160 0.473413
2 0.327830 0.659037 0.101415 0.403141
3 0.918632 0.631298 0.063679 0.421634
3 0.232311 0.660887 0.091981 0.362457
4 0.970519 0.592464 0.040094 0.292185
4 0.161557 0.612806 0.066038 0.325472
5 0.100236 0.522191 0.058962 0.299582