0 0.693986 0.348990 0.168632 0.514668
0 0.515920 0.362858 0.187500 0.499258
1 0.826651 0.353613 0.099057 0.431458
1 0.363797 0.364399 0.119104 0.403721
2 0.933962 0.310467 0.113208 0.493095
2 0.264151 0.332040 0.084906 0.462276
3 0.198113 0.318171 0.047170 0.286611
4 0.149175 0.254994 0.048349 0.258875
0 0.718160 0.723434 0.115566 0.234220
0 0.603774 0.726515 0.113208 0.252711
1 0.835495 0.678747 0.102594 0.237302
1 0.477594 0.694156 0.113208 0.218811
2 0.929835 0.617110 0.079009 0.138683
2 0.366156 0.638683 0.102594 0.138683