0 0.530660 0.221377 0.193396 0.442754
0 0.347877 0.217189 0.195755 0.434377
1 0.692807 0.201830 0.133255 0.403660
1 0.179245 0.189264 0.141509 0.378528
2 0.817807 0.190660 0.119104 0.381320
2 0.053066 0.186472 0.106132 0.372943
3 0.919811 0.171113 0.089623 0.342226
4 0.982311 0.134811 0.035377 0.269622
0 0.476415 0.731774 0.122642 0.438415
0 0.352594 0.733170 0.120283 0.441208
1 0.603774 0.751321 0.132075 0.444000
1 0.229363 0.749925 0.121462 0.441208
2 0.732311 0.770245 0.125000 0.459509
2 0.107901 0.755509 0.121462 0.469132
3 0.845519 0.710830 0.101415 0.452377
3 0.022995 0.742943 0.045990 0.416075
4 0.924528 0.607509 0.080189 0.357434
5 0.973467 0.530717 0.053066 0.337887