0 0.617335 0.323197 0.262972 0.522445
0 0.356722 0.359832 0.251179 0.538373
1 0.833137 0.221257 0.168632 0.426876
1 0.147995 0.283377 0.166274 0.474660
2 0.954599 0.193455 0.090802 0.386910
2 0.037736 0.254706 0.075472 0.449175
0 0.561321 0.781060 0.160377 0.437880
0 0.400943 0.792210 0.141509 0.415580
1 0.723467 0.729366 0.154481 0.525630
1 0.257075 0.742109 0.146226 0.493774
2 0.848467 0.635390 0.130896 0.541559
2 0.127948 0.708659 0.140330 0.554301
3 0.955778 0.543006 0.083726 0.324935
3 0.028302 0.687953 0.056604 0.379091