0 0.574292 0.431435 0.134434 0.460988
0 0.434552 0.434353 0.140330 0.472659
1 0.693986 0.432894 0.102594 0.405553
1 0.313090 0.413929 0.097877 0.420141
2 0.787736 0.431435 0.084906 0.361788
2 0.227594 0.409553 0.068396 0.341365
3 0.850825 0.438729 0.060142 0.271341
3 0.175118 0.392047 0.055425 0.259671
4 0.894458 0.418306 0.041274 0.218823
4 0.140330 0.357035 0.042453 0.253835
5 0.932783 0.342447 0.035377 0.195482
5 0.109080 0.241788 0.024764 0.163388
6 0.959316 0.257835 0.022406 0.125459
0 0.567807 0.819482 0.093160 0.320941
0 0.476415 0.820941 0.084906 0.312188
1 0.655071 0.799059 0.081368 0.326776
1 0.388561 0.787388 0.090802 0.338447
2 0.738797 0.791765 0.081368 0.312188
2 0.301887 0.772800 0.084906 0.326776
3 0.803066 0.720282 0.068396 0.215906
3 0.225825 0.683812 0.067217 0.201318
4 0.850825 0.642965 0.064858 0.142965
4 0.184552 0.616706 0.048349 0.160471
5 0.899764 0.583153 0.054245 0.128376
5 0.143868 0.558353 0.051887 0.131294
7 0.941627 0.479576 0.055425 0.078776
7 0.103774 0.427059 0.028302 0.113788