0 0.508844 0.412989 0.130896 0.497704
0 0.376769 0.423430 0.133255 0.504664
1 0.617335 0.393846 0.102594 0.445497
1 0.276533 0.418210 0.088443 0.431575
2 0.708726 0.355562 0.101415 0.473340
2 0.201651 0.362522 0.077830 0.459419
3 0.781840 0.346860 0.063679 0.372408
3 0.144458 0.348601 0.060142 0.348044
4 0.837264 0.312056 0.044811 0.358486
4 0.103774 0.317277 0.042453 0.306279
5 0.886792 0.235486 0.054245 0.316720
5 0.059552 0.263330 0.043632 0.323681
7 0.933962 0.138034 0.035377 0.233190
7 0.028892 0.164137 0.020047 0.194905
0 0.482901 0.743631 0.079009 0.414173
0 0.404481 0.734930 0.077830 0.403732
1 0.568986 0.731450 0.079009 0.389810
1 0.326061 0.724489 0.076651 0.375888
2 0.652123 0.752332 0.082547 0.438536
2 0.250000 0.774955 0.077830 0.414173
3 0.732901 0.696645 0.076651 0.361966
3 0.186910 0.734930 0.067217 0.292357
4 0.795401 0.670542 0.048349 0.288877
4 0.136792 0.667061 0.061321 0.288877
5 0.866156 0.597452 0.088443 0.351525
5 0.079009 0.588751 0.058962 0.278436
6 0.930425 0.435612 0.058962 0.229709
6 0.045401 0.444313 0.043632 0.205346