0 0.566627 0.293681 0.145047 0.361058
0 0.420991 0.288252 0.143868 0.366487
1 0.688679 0.244816 0.099057 0.312193
1 0.300118 0.236672 0.097877 0.306763
2 0.781250 0.206810 0.081368 0.355628
2 0.209316 0.217669 0.086085 0.344770
3 0.851415 0.190522 0.061321 0.247040
3 0.150354 0.216312 0.064858 0.255184
4 0.899764 0.164732 0.040094 0.184601
4 0.114387 0.208168 0.037736 0.168313
5 0.936321 0.147086 0.033019 0.149310
5 0.080189 0.153873 0.033019 0.168313
7 0.051297 0.100936 0.022406 0.084156
0 0.538915 0.772829 0.091981 0.352914
0 0.446934 0.774187 0.091981 0.350199
1 0.630307 0.734823 0.090802 0.325767
1 0.356132 0.760613 0.089623 0.328481
2 0.717571 0.709034 0.083726 0.350199
2 0.268868 0.745682 0.082547 0.369202
3 0.798349 0.642523 0.077830 0.314908
3 0.190448 0.683244 0.071934 0.309478
4 0.854953 0.561081 0.056604 0.238895
4 0.147406 0.646595 0.058962 0.252469
5 0.906840 0.483712 0.070755 0.219892
5 0.101415 0.552937 0.066038 0.228037
6 0.935142 0.356120 0.049528 0.138451
6 0.077241 0.358835 0.062500 0.165598