0 0.531840 0.529060 0.120283 0.418464
0 0.410377 0.513561 0.122642 0.449461
1 0.642689 0.486439 0.101415 0.387466
1 0.301887 0.480627 0.089623 0.437837
2 0.734670 0.476752 0.084906 0.352594
2 0.223467 0.461253 0.064858 0.399090
3 0.803066 0.420569 0.056604 0.286725
3 0.165684 0.370199 0.053066 0.348720
4 0.849057 0.389572 0.037736 0.278976
4 0.119104 0.261708 0.035377 0.255728
5 0.092571 0.176466 0.022406 0.162736
0 0.532429 0.813848 0.076651 0.143363
0 0.449292 0.813848 0.087264 0.166611
1 0.366745 0.775101 0.073113 0.166611
1 0.613797 0.804161 0.079009 0.154987