0 0.543632 0.417163 0.136792 0.469410
0 0.407429 0.418697 0.137972 0.472478
1 0.660967 0.388017 0.093160 0.454069
1 0.294811 0.392619 0.087264 0.408049
2 0.744104 0.403357 0.075472 0.392709
2 0.227594 0.368074 0.068396 0.395777
3 0.802476 0.415629 0.062500 0.319076
3 0.182193 0.366540 0.045991 0.325212
4 0.841392 0.415629 0.038915 0.208626
4 0.147995 0.326656 0.045991 0.288395
5 0.885024 0.357336 0.050708 0.227035
5 0.104363 0.291374 0.055425 0.242375
0 0.518278 0.720899 0.074292 0.334416
0 0.436910 0.713229 0.071934 0.325212
1 0.599057 0.699422 0.084906 0.328280
1 0.359080 0.667208 0.069575 0.319076
2 0.683373 0.739307 0.083726 0.254647
2 0.284198 0.707092 0.077830 0.214763
3 0.756486 0.720899 0.064858 0.236239
3 0.218750 0.668742 0.053066 0.205558
4 0.807783 0.676412 0.051887 0.184082
4 0.172759 0.628858 0.043632 0.168742
5 0.849646 0.608915 0.060142 0.177946
5 0.135613 0.524544 0.044811 0.181014
7 0.895047 0.515340 0.037736 0.101245
7 0.102005 0.458582 0.034198 0.110449