0 0.537736 0.305983 0.202830 0.580569
0 0.331958 0.314870 0.211085 0.592417
1 0.707547 0.286730 0.134434 0.518365
1 0.162146 0.276363 0.128538 0.533175
2 0.827241 0.247778 0.107311 0.495556
2 0.047170 0.250741 0.094340 0.501481
3 0.921580 0.214159 0.081368 0.420616
4 0.981722 0.156398 0.036556 0.299171
0 0.464623 0.836641 0.117925 0.326718
0 0.340212 0.830717 0.128538 0.338566
1 0.584906 0.823312 0.122642 0.353376
1 0.216981 0.811019 0.120283 0.370261
2 0.704009 0.793691 0.115566 0.412618
2 0.104953 0.777399 0.106132 0.445201
3 0.812500 0.772956 0.101415 0.454088
3 0.026533 0.759627 0.053066 0.480746
4 0.898585 0.677725 0.087264 0.417654
5 0.957547 0.588863 0.084906 0.287322