0 0.665094 0.292618 0.195755 0.427035
0 0.470519 0.293845 0.195755 0.414764
1 0.820165 0.277893 0.112028 0.407401
1 0.313679 0.298754 0.122642 0.350954
2 0.917453 0.274212 0.080189 0.385313
2 0.192217 0.299981 0.120283 0.377950
3 0.974057 0.314706 0.051886 0.304324
3 0.107901 0.342930 0.088443 0.321503
4 0.037146 0.342930 0.074292 0.277327
0 0.613208 0.942987 0.113208 0.112894
0 0.496462 0.946669 0.120283 0.105532
1 0.720519 0.922409 0.106132 0.155182
1 0.368514 0.942043 0.128538 0.115914
2 0.815448 0.880687 0.107311 0.238625
2 0.258844 0.907401 0.119104 0.184067
3 0.887972 0.886540 0.084906 0.225788
3 0.164505 0.899094 0.102594 0.201812
4 0.954009 0.874269 0.075472 0.186521
4 0.089033 0.884086 0.093160 0.166887