0 0.600825 0.455366 0.222877 0.537837
0 0.375590 0.455366 0.227594 0.537837
1 0.787736 0.540170 0.150943 0.502130
1 0.189269 0.508927 0.145047 0.493203
2 0.915684 0.555792 0.128538 0.542301
2 0.058962 0.572530 0.117924 0.548996
0 0.571344 0.111077 0.130896 0.222154
0 0.437500 0.113309 0.136792 0.226618
1 0.696344 0.135626 0.116745 0.271252
1 0.298939 0.135626 0.140330 0.271252
2 0.821344 0.150132 0.130896 0.300264
2 0.150943 0.146784 0.160377 0.293568
3 0.927476 0.159059 0.112028 0.318117
3 0.046580 0.162406 0.093160 0.324812