0 0.561321 0.311438 0.146226 0.427585
0 0.413325 0.316749 0.149764 0.406339
1 0.686910 0.318077 0.102594 0.398371
1 0.290094 0.304798 0.096698 0.403683
2 0.776533 0.318077 0.076651 0.414306
2 0.201651 0.327373 0.077830 0.379780
3 0.844929 0.291519 0.076651 0.355878
3 0.145047 0.339324 0.058962 0.355878
4 0.902123 0.288863 0.040094 0.249646
4 0.108491 0.334012 0.040094 0.276204
5 0.932783 0.219812 0.030660 0.191218
5 0.068986 0.254338 0.038915 0.180595
0 0.540094 0.761597 0.096698 0.355878
0 0.447524 0.766909 0.086085 0.371813
1 0.632075 0.748318 0.089623 0.377125
1 0.359080 0.764253 0.093160 0.377125
2 0.703420 0.729727 0.076651 0.419618
2 0.281840 0.748318 0.084906 0.387748
3 0.770047 0.684579 0.063679 0.329320
3 0.209906 0.711137 0.073113 0.366501
4 0.815448 0.616856 0.055425 0.300106
4 0.168632 0.673955 0.054245 0.260269
5 0.862618 0.578346 0.064858 0.254958
5 0.133255 0.631462 0.056604 0.239023
6 0.900354 0.501328 0.048349 0.223088
6 0.098467 0.533198 0.048349 0.180595