0 0.580778 0.352008 0.135613 0.440614
0 0.448113 0.353689 0.125000 0.417069
1 0.688679 0.313328 0.075472 0.390162
1 0.334906 0.311646 0.099057 0.413706
2 0.758255 0.294829 0.063679 0.386798
2 0.250590 0.286420 0.067217 0.417069
3 0.793042 0.269603 0.034198 0.336346
3 0.186321 0.294829 0.058962 0.359891
4 0.821934 0.224196 0.025943 0.218625
4 0.140920 0.284738 0.048349 0.279167
5 0.106722 0.246059 0.024764 0.141265
0 0.534198 0.700126 0.077830 0.275804
0 0.450472 0.710216 0.084906 0.295985
1 0.616745 0.669855 0.084906 0.269077
1 0.364387 0.695081 0.087264 0.319529
2 0.690448 0.632857 0.067217 0.242169
2 0.281250 0.678264 0.079009 0.366617
3 0.747642 0.595859 0.047170 0.215262
3 0.213443 0.622766 0.073113 0.309439
4 0.787146 0.552134 0.038915 0.181627
4 0.157429 0.552134 0.067217 0.235442