0 0.557193 0.427142 0.142689 0.569307
0 0.409198 0.420365 0.150943 0.589640
1 0.676297 0.400032 0.088443 0.481200
1 0.283019 0.423753 0.096698 0.481200
2 0.760024 0.344118 0.079009 0.430369
2 0.188679 0.401727 0.084906 0.491366
3 0.810142 0.344118 0.054245 0.294820
3 0.136792 0.398338 0.070755 0.403259
4 0.831958 0.361062 0.029481 0.186380
4 0.108491 0.440697 0.051887 0.257544
0 0.527123 0.777876 0.091981 0.172825
0 0.433962 0.789737 0.089623 0.155882
1 0.617335 0.725351 0.083726 0.237211
1 0.343160 0.754155 0.089623 0.233823
2 0.693986 0.686380 0.064858 0.220268
2 0.264741 0.743989 0.064858 0.227045
3 0.754127 0.654187 0.055425 0.182992
3 0.202830 0.732128 0.056604 0.176214
4 0.787736 0.583024 0.042453 0.142327
4 0.164505 0.676214 0.038915 0.145716