0 0.527712 0.430162 0.180425 0.482211
0 0.350236 0.415197 0.169811 0.492188
1 0.679245 0.361988 0.125000 0.425676
1 0.199882 0.312104 0.133255 0.458932
2 0.778302 0.325406 0.103774 0.425676
2 0.073113 0.275522 0.117925 0.419025
3 0.869693 0.262220 0.076651 0.379118
4 0.919811 0.220650 0.037736 0.342536
5 0.953420 0.149150 0.027123 0.212838
0 0.507075 0.769373 0.117925 0.216164
0 0.396226 0.764385 0.103774 0.219489
1 0.619693 0.719489 0.104953 0.262722
1 0.291274 0.662954 0.106132 0.229466
2 0.724646 0.649652 0.097877 0.202861
2 0.182783 0.593117 0.108491 0.169605