0 0.534788 0.376319 0.137972 0.453002
0 0.395047 0.380789 0.139151 0.455982
1 0.658608 0.342045 0.107311 0.444061
1 0.269458 0.373338 0.109670 0.399357
2 0.755307 0.325654 0.086085 0.494726
2 0.179835 0.307772 0.067217 0.405317
3 0.821344 0.340555 0.060142 0.375515
3 0.126769 0.334595 0.050708 0.298027
4 0.869104 0.307772 0.056604 0.351672
4 0.088443 0.285420 0.035377 0.271205
5 0.920991 0.288401 0.044811 0.301008
5 0.061910 0.166209 0.031840 0.199678
7 0.969929 0.263068 0.031840 0.149014
6 0.031840 0.181111 0.025943 0.134112
0 0.513561 0.678816 0.083726 0.318889
0 0.432783 0.678816 0.077830 0.324850
1 0.604363 0.722030 0.095519 0.327830
1 0.349646 0.686267 0.088443 0.321870
2 0.692807 0.717560 0.083726 0.438100
2 0.263561 0.692228 0.086085 0.393396
3 0.774175 0.704149 0.074292 0.333791
3 0.186321 0.635602 0.070755 0.256304
4 0.836675 0.653484 0.050708 0.268225
4 0.129717 0.574507 0.040094 0.205639
5 0.896226 0.562586 0.066038 0.241402
5 0.084906 0.495530 0.047170 0.143053
7 0.958137 0.489569 0.045991 0.143053
7 0.048939 0.350986 0.041274 0.157955