0 0.528302 0.461216 0.221698 0.423480
0 0.295401 0.465409 0.229953 0.436059
1 0.705189 0.437107 0.134434 0.379455
1 0.097877 0.429769 0.162736 0.419287
2 0.830778 0.481132 0.116745 0.454927
3 0.923349 0.518868 0.066038 0.333333
4 0.974057 0.526205 0.051886 0.318658
0 0.466392 0.899371 0.142689 0.201258
0 0.320165 0.901468 0.149764 0.197064
1 0.604363 0.899371 0.130896 0.201258
1 0.169222 0.901468 0.149764 0.197064
2 0.734080 0.882600 0.126179 0.234800
2 0.047170 0.867925 0.094340 0.264150
3 0.827241 0.903564 0.100236 0.192872
4 0.896816 0.917191 0.083726 0.165618
5 0.958726 0.916143 0.082547 0.167714