0 0.556014 0.375492 0.145047 0.289482
0 0.410377 0.373935 0.141509 0.311271
1 0.681604 0.341252 0.106132 0.283256
1 0.279481 0.361485 0.115566 0.286369
2 0.778892 0.314794 0.086085 0.236566
2 0.178656 0.338139 0.088443 0.264580
3 0.841981 0.288336 0.061321 0.177424
3 0.113208 0.310125 0.066038 0.196101
4 0.890330 0.268103 0.054245 0.186762
4 0.071344 0.294561 0.045991 0.189875
0 0.528892 0.635403 0.100236 0.242791
0 0.432193 0.643185 0.093160 0.221002
1 0.631486 0.602719 0.095519 0.233453
1 0.331368 0.615170 0.103774 0.214777
2 0.727594 0.590269 0.101415 0.277031
2 0.235849 0.574705 0.084906 0.239678
3 0.802476 0.577818 0.083726 0.258355
3 0.158019 0.582487 0.080189 0.205439
4 0.853774 0.560698 0.075472 0.192988
4 0.117925 0.556029 0.047170 0.171199