0 0.541274 0.650624 0.191038 0.541530
0 0.347288 0.605796 0.194575 0.494908
1 0.705778 0.668556 0.133255 0.584566
1 0.177476 0.598623 0.161557 0.523599
2 0.820755 0.672142 0.094340 0.570221
2 0.066038 0.611175 0.096698 0.541530
3 0.919811 0.831732 0.103774 0.329939
3 0.017689 0.582485 0.035377 0.376561
0 0.525943 0.265098 0.122642 0.286903
0 0.413325 0.263305 0.097877 0.283317
1 0.653302 0.309926 0.129717 0.283317
1 0.304245 0.304547 0.113208 0.236695
3 0.875000 0.435447 0.061321 0.204419
4 0.912146 0.544829 0.062500 0.222350