0 0.708726 0.406799 0.181604 0.429214
0 0.522995 0.393310 0.194575 0.461098
1 0.857311 0.398215 0.117925 0.313939
1 0.356722 0.370010 0.135613 0.404687
2 0.958137 0.340578 0.083726 0.350729
2 0.238208 0.354067 0.099057 0.402235
3 0.157429 0.300109 0.062500 0.348276
4 0.113208 0.225303 0.047170 0.321297
0 0.664505 0.751397 0.104953 0.313939
0 0.558373 0.751397 0.109670 0.299223
1 0.775354 0.725644 0.112028 0.340918
1 0.436910 0.745265 0.133255 0.340918
2 0.880896 0.715833 0.117925 0.414498
2 0.309552 0.734228 0.119104 0.402235
3 0.969340 0.655743 0.061320 0.279602
3 0.205778 0.648385 0.081368 0.318845
4 0.146816 0.583390 0.062500 0.223191
5 0.084906 0.474247 0.084906 0.348276