0 0.682193 0.266796 0.241745 0.533591
0 0.458726 0.265335 0.240566 0.530670
1 0.887972 0.241967 0.167453 0.483934
1 0.273585 0.225902 0.160377 0.451804
2 0.143868 0.209837 0.125000 0.419673
3 0.060731 0.195232 0.069575 0.390463
4 0.017689 0.178693 0.035377 0.347596
0 0.749410 0.858806 0.152123 0.282387
0 0.604953 0.864648 0.139151 0.270703
1 0.899175 0.858806 0.147406 0.282387
1 0.464623 0.866109 0.136792 0.267782
2 0.325472 0.838360 0.141509 0.323280
3 0.199882 0.831057 0.107311 0.337886
4 0.114976 0.829597 0.097877 0.340806
5 0.075472 0.740981 0.103774 0.438146