0 0.630896 0.619963 0.153302 0.523174
0 0.475236 0.608300 0.158019 0.519842
1 0.755307 0.586640 0.095519 0.449863
1 0.340212 0.589973 0.109670 0.436534
2 0.849057 0.536656 0.089623 0.429869
2 0.233491 0.533323 0.099057 0.476522
3 0.913915 0.480006 0.082547 0.296576
3 0.150943 0.475008 0.084906 0.359890
4 0.969340 0.455014 0.061320 0.266586
4 0.083137 0.416692 0.071934 0.289912
5 0.026533 0.356710 0.041274 0.176613
0 0.581958 0.897455 0.107311 0.205090
0 0.477005 0.891547 0.100236 0.213268
1 0.683962 0.889124 0.099057 0.221751
1 0.373821 0.885792 0.106132 0.228416
2 0.786557 0.859133 0.106132 0.281733
2 0.266509 0.858224 0.101415 0.279915
3 0.860849 0.773250 0.080189 0.256589
3 0.177476 0.803241 0.076651 0.289912
4 0.915684 0.714935 0.053066 0.179945
4 0.120283 0.696607 0.075472 0.236595