0 0.532429 0.462553 0.140330 0.400391
0 0.390920 0.465434 0.140330 0.400391
1 0.644458 0.404943 0.083726 0.354303
1 0.284788 0.461113 0.088443 0.322617
2 0.734080 0.366056 0.097877 0.420555
2 0.200472 0.406383 0.082547 0.432077
3 0.818396 0.328609 0.066038 0.385989
3 0.149175 0.377578 0.050708 0.328379
4 0.862028 0.304125 0.040094 0.273649
4 0.113797 0.318528 0.031840 0.279410
5 0.916274 0.214829 0.068396 0.313976
5 0.080189 0.266678 0.033019 0.233322
6 0.964033 0.142816 0.029481 0.192994
0 0.505896 0.741963 0.082547 0.337020
0 0.422170 0.736202 0.082547 0.342781
1 0.594929 0.713158 0.095519 0.365825
1 0.334316 0.744844 0.088443 0.365825
2 0.693986 0.718919 0.107311 0.394630
2 0.250000 0.753485 0.082547 0.354303
3 0.779481 0.662749 0.082547 0.334140
3 0.186910 0.700196 0.062500 0.293812
4 0.854953 0.599378 0.089623 0.276529
4 0.132665 0.651227 0.060142 0.241963
5 0.926887 0.536006 0.080189 0.322617
5 0.087264 0.541767 0.051887 0.276529
6 0.969340 0.357415 0.049528 0.195875