0 0.600236 0.233409 0.205189 0.466818
0 0.391509 0.234638 0.212264 0.469276
1 0.763561 0.206371 0.119104 0.412742
1 0.204599 0.208829 0.159198 0.417658
2 0.862618 0.191624 0.102594 0.383248
2 0.077241 0.194082 0.112028 0.388164
3 0.919222 0.222252 0.045991 0.297411
3 0.019458 0.190299 0.038915 0.292495
4 0.951061 0.228397 0.041274 0.260542
5 0.987028 0.187841 0.025943 0.248252
0 0.571934 0.723673 0.143868 0.513711
0 0.425118 0.721215 0.149764 0.513711
1 0.706368 0.665911 0.122642 0.398187
1 0.287736 0.658537 0.120283 0.437514
2 0.815448 0.667140 0.145047 0.459636
2 0.175118 0.669598 0.140330 0.474383
3 0.895637 0.636416 0.121462 0.270374
3 0.071344 0.611836 0.142688 0.299869
4 0.957547 0.611836 0.084906 0.211383
4 0.026533 0.550388 0.053066 0.167140
5 0.969340 0.475421 0.061320 0.149935