0 0.533019 0.415637 0.141509 0.457564
0 0.388561 0.421356 0.137972 0.469003
1 0.653302 0.378460 0.099057 0.360331
1 0.274175 0.414207 0.086085 0.340313
2 0.742335 0.349862 0.076651 0.377490
2 0.195165 0.378460 0.069575 0.360331
3 0.811910 0.298386 0.062500 0.297416
3 0.140330 0.332703 0.056604 0.303136
4 0.873821 0.238331 0.063679 0.257380
4 0.087264 0.259779 0.047170 0.231642
5 0.932783 0.162547 0.051887 0.220202
5 0.049528 0.198294 0.033019 0.183025
6 0.964623 0.146818 0.033019 0.154428
0 0.511792 0.790267 0.089623 0.303136
0 0.422170 0.793127 0.087264 0.320295
1 0.604363 0.753090 0.095519 0.331734
1 0.341981 0.778828 0.099057 0.337453
2 0.698113 0.747370 0.089623 0.383210
2 0.259434 0.758809 0.084906 0.388929
3 0.767099 0.620110 0.086085 0.300276
3 0.195755 0.661577 0.073113 0.285977
4 0.829009 0.528598 0.070755 0.248800
4 0.145047 0.574354 0.063679 0.231642
5 0.909198 0.417067 0.082547 0.231642
5 0.087264 0.444234 0.051887 0.200184