0 0.584316 0.451135 0.163915 0.471108
0 0.418632 0.461159 0.162736 0.451061
1 0.721698 0.434847 0.122642 0.418485
1 0.286557 0.436100 0.115566 0.400943
2 0.818396 0.404776 0.099057 0.443544
2 0.188090 0.397258 0.102594 0.438532
3 0.894458 0.388488 0.071934 0.325767
3 0.113208 0.344634 0.063679 0.323261
4 0.943986 0.359670 0.048349 0.278154
4 0.065448 0.332105 0.045991 0.278154
5 0.978774 0.315817 0.037736 0.200472
5 0.022995 0.278228 0.036557 0.205483
0 0.564269 0.758107 0.097877 0.363355
0 0.464623 0.761866 0.099057 0.360849
1 0.667453 0.715507 0.096698 0.343308
1 0.362028 0.709242 0.101415 0.300708
2 0.761203 0.733048 0.088443 0.368367
2 0.265920 0.702978 0.090802 0.318249
3 0.846108 0.661630 0.079009 0.250590
3 0.179835 0.655366 0.083726 0.248084
4 0.903302 0.632813 0.061321 0.202978
4 0.112618 0.601489 0.067217 0.215507
5 0.954599 0.537588 0.069575 0.182930
5 0.053656 0.516288 0.074292 0.170401
7 0.018868 0.413547 0.037736 0.090212