0 0.513561 0.348651 0.152123 0.548044
0 0.374410 0.351837 0.154481 0.516181
1 0.642099 0.278552 0.102594 0.535299
1 0.246462 0.329533 0.101415 0.484318
2 0.740566 0.237130 0.091981 0.458828
2 0.151533 0.297670 0.090802 0.497064
3 0.804835 0.202080 0.057783 0.375984
3 0.077830 0.286518 0.051887 0.398288
4 0.853184 0.181369 0.038915 0.321817
4 0.041274 0.240316 0.042453 0.375984
5 0.011203 0.163845 0.022406 0.229414
0 0.484080 0.707110 0.081368 0.117893
0 0.399175 0.695958 0.090802 0.121080
1 0.574292 0.699144 0.099057 0.133825
1 0.302476 0.695958 0.100236 0.146570
2 0.662146 0.611521 0.076651 0.175247
3 0.733491 0.563726 0.061321 0.149756