0 0.556604 0.409839 0.176887 0.373299
0 0.386792 0.414584 0.160377 0.357481
1 0.705778 0.349731 0.119104 0.316355
1 0.250000 0.359222 0.113208 0.272065
2 0.807193 0.322841 0.086085 0.325846
2 0.147995 0.360804 0.090802 0.243594
3 0.875000 0.262734 0.070755 0.268902
3 0.071934 0.307023 0.073113 0.275229
4 0.923939 0.216862 0.064858 0.291047
4 0.021226 0.272224 0.042452 0.262575
0 0.529481 0.753084 0.096698 0.319519
0 0.425708 0.746757 0.106132 0.306865
1 0.632075 0.681904 0.106132 0.322682
1 0.313679 0.702467 0.117925 0.395444
2 0.736439 0.626542 0.102594 0.262575
2 0.205189 0.650269 0.099057 0.347991
3 0.811321 0.553780 0.075472 0.192977
3 0.135613 0.591743 0.087264 0.262575
4 0.863208 0.487346 0.056604 0.186650
4 0.079009 0.537963 0.058962 0.186650