0 0.558373 0.363230 0.147406 0.434625
0 0.408608 0.361710 0.149764 0.419429
1 0.686321 0.303963 0.108491 0.370799
1 0.280071 0.305482 0.107311 0.373839
2 0.780660 0.253814 0.082547 0.337367
2 0.183373 0.285727 0.086085 0.322170
3 0.849057 0.246215 0.051887 0.249226
3 0.112618 0.238617 0.060142 0.264422
4 0.884434 0.197586 0.040094 0.158046
4 0.078420 0.206704 0.031840 0.176282
0 0.545991 0.679321 0.103774 0.355603
0 0.442807 0.676282 0.102594 0.337367
1 0.642099 0.639810 0.086085 0.392075
1 0.340802 0.626133 0.099057 0.358642
2 0.744104 0.607896 0.103774 0.419429
2 0.247642 0.598778 0.084906 0.328248
3 0.813679 0.524315 0.070755 0.331288
3 0.188090 0.560787 0.064858 0.252265
4 0.867335 0.460489 0.057783 0.240108
4 0.127948 0.477205 0.057783 0.218832
6 0.905660 0.357151 0.037736 0.173242
6 0.080778 0.373867 0.048349 0.151967