0 0.625590 0.777355 0.234670 0.445289
0 0.397995 0.780024 0.220519 0.439952
1 0.826651 0.814719 0.165094 0.370562
1 0.208726 0.798908 0.155660 0.392316
2 0.954599 0.818722 0.090802 0.362556
2 0.071934 0.817388 0.120283 0.365224
0 0.580778 0.082532 0.145047 0.165063
0 0.433962 0.103882 0.141509 0.207764
1 0.721698 0.137242 0.150943 0.274484
1 0.308373 0.157259 0.159198 0.314517
2 0.859670 0.181278 0.127358 0.362556
2 0.172170 0.178609 0.136792 0.357218
3 0.949882 0.305176 0.097877 0.317589
3 0.073113 0.249131 0.117925 0.365628
4 0.033019 0.410595 0.066038 0.272219