0 0.507075 0.442019 0.110849 0.405865
0 0.396226 0.446161 0.115566 0.403104
1 0.600825 0.436497 0.079009 0.394821
1 0.292453 0.414409 0.087264 0.416909
2 0.675708 0.430975 0.068396 0.427953
2 0.215212 0.414409 0.064858 0.345123
3 0.723467 0.417170 0.041274 0.334079
3 0.166274 0.446161 0.033019 0.320275
4 0.758844 0.393702 0.031840 0.259533
4 0.133255 0.435117 0.033019 0.292665
5 0.788915 0.363331 0.025943 0.215357
0 0.480542 0.725020 0.067217 0.182225
0 0.408608 0.727781 0.079009 0.198791
1 0.554245 0.683606 0.070755 0.160137
1 0.333726 0.711216 0.068396 0.231923
2 0.623231 0.664279 0.064858 0.127005
2 0.255896 0.690508 0.084906 0.234684
3 0.198113 0.664279 0.028302 0.160137
4 0.163325 0.631147 0.038915 0.104918