0 0.724646 0.347948 0.201651 0.479549
0 0.528302 0.324555 0.191038 0.502942
1 0.894458 0.331573 0.135613 0.400014
1 0.361439 0.295314 0.140330 0.421067
2 0.974057 0.298823 0.051886 0.376621
2 0.227594 0.239172 0.129717 0.467853
3 0.128538 0.208762 0.084906 0.416389
4 0.056604 0.195612 0.084906 0.391224
0 0.606722 0.938896 0.121462 0.122208
0 0.485849 0.940065 0.115566 0.119870
1 0.735259 0.948253 0.135613 0.103494
1 0.377358 0.930708 0.132075 0.138584
2 0.864387 0.940951 0.120283 0.112285
2 0.269458 0.899128 0.121462 0.201744
3 0.958137 0.924860 0.083726 0.150280
3 0.165094 0.900298 0.084906 0.199404
4 0.098467 0.874282 0.093160 0.240944
5 0.043632 0.766676 0.087264 0.264337
6 0.042453 0.564330 0.075472 0.130999