0 0.572524 0.441300 0.163915 0.329140
0 0.405660 0.454927 0.167453 0.310273
1 0.715212 0.406709 0.109670 0.306080
1 0.266509 0.442348 0.108491 0.276730
2 0.821934 0.394130 0.099057 0.339623
2 0.171580 0.463312 0.081368 0.318658
3 0.905660 0.402516 0.066038 0.268344
3 0.104363 0.485325 0.055425 0.253669
4 0.952830 0.433962 0.028302 0.218029
4 0.059552 0.504193 0.031840 0.203354
5 0.982311 0.418239 0.035377 0.207547
5 0.028302 0.474843 0.028302 0.178197
0 0.547759 0.679245 0.102594 0.150943
0 0.443396 0.684486 0.099057 0.148847
1 0.656840 0.661426 0.115566 0.228512
1 0.342571 0.678197 0.100236 0.232704
2 0.764741 0.622642 0.100236 0.360587
2 0.244104 0.718029 0.096698 0.287212
3 0.851415 0.664570 0.070755 0.209644
3 0.162146 0.704403 0.069575 0.155136
4 0.917453 0.638365 0.061321 0.203354
4 0.103774 0.689727 0.047170 0.159329
5 0.974057 0.617400 0.051886 0.148847
5 0.044811 0.682390 0.063679 0.148847