0 0.576651 0.431273 0.120283 0.311728
0 0.452830 0.434954 0.127358 0.304365
1 0.685731 0.438636 0.097877 0.262637
1 0.340212 0.409182 0.100236 0.316637
2 0.768278 0.427591 0.069575 0.279819
2 0.250590 0.427591 0.071934 0.255273
3 0.814269 0.423909 0.024764 0.120273
3 0.191627 0.416545 0.043632 0.174273
4 0.841392 0.400591 0.029481 0.093273
4 0.155071 0.390772 0.029481 0.103091
0 0.578420 0.622728 0.076651 0.081000
0 0.492335 0.625182 0.074292 0.076091
1 0.656840 0.605546 0.070755 0.076091
1 0.406250 0.609228 0.076651 0.088364