0 0.472877 0.329799 0.162736 0.519028
0 0.311321 0.318003 0.162736 0.535880
1 0.614976 0.262393 0.123821 0.519028
1 0.182783 0.265763 0.096698 0.485325
2 0.719340 0.245787 0.089623 0.491574
2 0.094340 0.227250 0.075472 0.454500
3 0.799528 0.242171 0.070755 0.438141
3 0.048349 0.200288 0.049528 0.400576
4 0.855542 0.228690 0.057783 0.330291
4 0.016509 0.141062 0.033018 0.262884
5 0.899175 0.194987 0.029481 0.175256
0 0.469340 0.759514 0.099057 0.333661
0 0.370873 0.742662 0.100236 0.333661
1 0.573113 0.739292 0.108491 0.374105
1 0.268278 0.714015 0.102594 0.323550
2 0.676887 0.703904 0.099057 0.417919
2 0.176297 0.671886 0.081368 0.326920
3 0.757665 0.626387 0.088443 0.350512
3 0.114976 0.623016 0.079009 0.310069
4 0.841392 0.550555 0.076651 0.299958
4 0.066627 0.552240 0.067217 0.242662
5 0.890330 0.446075 0.058962 0.192108