0 0.591392 0.400419 0.163915 0.322851
0 0.426297 0.396226 0.163915 0.318658
1 0.740566 0.376310 0.113208 0.312369
1 0.294811 0.376310 0.099057 0.291405
2 0.851415 0.378407 0.106132 0.341719
2 0.201651 0.409853 0.080189 0.324948
3 0.939269 0.400419 0.071934 0.276730
3 0.136203 0.436059 0.050708 0.238994
4 0.983491 0.431866 0.033018 0.230608
4 0.097877 0.445493 0.028302 0.220126
5 0.071344 0.417191 0.024764 0.159329
0 0.574292 0.781971 0.108491 0.285115
0 0.468160 0.786164 0.099057 0.276730
1 0.683962 0.790356 0.113208 0.301887
1 0.368514 0.791405 0.097877 0.303983
2 0.793042 0.787212 0.100236 0.375262
2 0.270637 0.797694 0.093160 0.354298
3 0.877358 0.784067 0.094340 0.314465
3 0.201061 0.784067 0.079009 0.280922
4 0.948113 0.767296 0.075472 0.259958
4 0.150943 0.787212 0.063679 0.236897
5 0.980542 0.724319 0.038915 0.161426
5 0.097288 0.775681 0.081368 0.176101