0 0.560731 0.335692 0.135613 0.376776
0 0.364976 0.337108 0.128538 0.385274
1 0.682783 0.321527 0.103774 0.371110
1 0.250590 0.347023 0.100236 0.337115
2 0.773585 0.320111 0.075472 0.322951
2 0.168632 0.344191 0.063679 0.274791
3 0.837264 0.315862 0.051887 0.257794
3 0.113208 0.359771 0.047170 0.226632
4 0.883844 0.305946 0.041274 0.243629
4 0.069575 0.341358 0.042453 0.235131
0 0.546580 0.665725 0.076651 0.288956
0 0.468160 0.665725 0.075472 0.317285
1 0.628538 0.678473 0.082547 0.342781
1 0.388561 0.678473 0.081368 0.297454
2 0.719340 0.672807 0.099057 0.405105
2 0.300118 0.674223 0.093160 0.345614
3 0.790094 0.601984 0.082547 0.280457
3 0.220519 0.626064 0.087264 0.300287
4 0.853184 0.560907 0.076651 0.226632
4 0.156250 0.566573 0.064858 0.175640