0 0.516509 0.227160 0.148585 0.387173
0 0.362618 0.227160 0.154481 0.376779
1 0.640920 0.234955 0.104953 0.350794
1 0.235259 0.234955 0.100236 0.324810
2 0.728774 0.275232 0.070755 0.358590
2 0.150354 0.237554 0.067217 0.350794
3 0.793632 0.328500 0.056604 0.252052
3 0.093750 0.267436 0.048349 0.249454
4 0.830189 0.318107 0.028302 0.210477
4 0.054835 0.244050 0.027123 0.202681
5 0.852594 0.323304 0.016509 0.116931
5 0.027712 0.246648 0.027123 0.129924
0 0.504717 0.632522 0.094340 0.330007
0 0.410377 0.639019 0.094340 0.332605
1 0.600825 0.642916 0.097877 0.330007
1 0.313090 0.662405 0.097877 0.311817
2 0.690448 0.693587 0.076651 0.389772
2 0.222877 0.653310 0.077830 0.324810
3 0.760024 0.637719 0.064858 0.272840
3 0.162736 0.598742 0.075472 0.267643
4 0.795991 0.602640 0.049528 0.228666
4 0.119693 0.551970 0.053066 0.241658
5 0.839033 0.563663 0.041274 0.176696
5 0.066038 0.528583 0.056604 0.184492