0 0.624410 0.557203 0.182783 0.654257
0 0.442807 0.517876 0.175708 0.668557
1 0.768868 0.525026 0.103774 0.539851
1 0.297170 0.442797 0.115566 0.554152
2 0.877948 0.474974 0.114387 0.561302
2 0.194575 0.421346 0.091981 0.532701
3 0.958137 0.505363 0.076651 0.450472
3 0.118514 0.421346 0.062500 0.468348
4 0.071934 0.371294 0.030660 0.332491
0 0.583137 0.845004 0.100236 0.307465
0 0.475825 0.845004 0.109670 0.293164
1 0.685142 0.850999 0.096698 0.298002
1 0.368514 0.812828 0.100236 0.321765
2 0.783019 0.803890 0.099057 0.353942
2 0.267099 0.732386 0.097877 0.296739
3 0.882665 0.784226 0.095519 0.321765