0 0.725825 0.441969 0.178066 0.542763
0 0.550708 0.472691 0.172170 0.529109
1 0.867925 0.411246 0.127358 0.529109
1 0.397995 0.465864 0.133255 0.563245
2 0.960495 0.380524 0.079009 0.467664
2 0.271226 0.488052 0.115566 0.553004
3 0.190448 0.470984 0.076651 0.471077
4 0.136203 0.414660 0.057783 0.447182
0 0.649764 0.767968 0.082547 0.204816
0 0.546580 0.769675 0.079009 0.215057
1 0.759434 0.708230 0.103774 0.269675
1 0.454009 0.750900 0.089623 0.279916
2 0.875590 0.691162 0.097877 0.262848
2 0.349057 0.764554 0.096698 0.273088
3 0.968160 0.686041 0.061321 0.150199
3 0.261792 0.808931 0.080189 0.157026