0 0.537146 0.530148 0.135613 0.304348
0 0.397995 0.528712 0.142689 0.307219
1 0.660377 0.554553 0.113208 0.341674
1 0.282429 0.544504 0.083726 0.333060
2 0.757665 0.583265 0.079009 0.335931
2 0.205778 0.548811 0.069575 0.364643
3 0.818396 0.633511 0.042453 0.275636
3 0.147995 0.558860 0.041274 0.333060
4 0.857901 0.649303 0.034198 0.244053
4 0.119104 0.580394 0.030660 0.244053
5 0.897995 0.688064 0.048349 0.172272
5 0.094929 0.636382 0.029481 0.172272
0 0.486439 0.184167 0.086085 0.232568
0 0.404481 0.178425 0.077830 0.221083
1 0.572524 0.205701 0.083726 0.241181
1 0.321344 0.179861 0.086085 0.218212
2 0.659198 0.235849 0.089623 0.272765
2 0.249410 0.197088 0.076651 0.218212
3 0.734670 0.274610 0.073113 0.223954
3 0.192217 0.227235 0.061321 0.198113
4 0.797759 0.301887 0.064858 0.146432
4 0.150943 0.245898 0.047170 0.172272
5 0.844340 0.367925 0.058962 0.163659