0 0.553656 0.468343 0.145047 0.476366
0 0.403892 0.448745 0.147406 0.509531
1 0.675118 0.456283 0.097877 0.428127
1 0.283608 0.480403 0.093160 0.391947
2 0.775354 0.373371 0.100236 0.581891
2 0.183373 0.403521 0.104953 0.581891
3 0.853184 0.447238 0.053066 0.337677
3 0.137382 0.516582 0.053066 0.307528
4 0.908019 0.411058 0.051887 0.313558
4 0.106722 0.489448 0.031840 0.301498
6 0.951061 0.352266 0.029481 0.292453
5 0.081958 0.471358 0.022406 0.283408
6 0.051297 0.438193 0.036557 0.295468
0 0.572524 0.798483 0.088443 0.189944
0 0.480542 0.789438 0.081368 0.177884
1 0.672759 0.813558 0.093160 0.298483
1 0.395637 0.810543 0.081368 0.214063
2 0.753538 0.787930 0.066038 0.259288
2 0.311321 0.789438 0.084906 0.226123
3 0.817217 0.778885 0.073113 0.337677
3 0.244104 0.821095 0.068396 0.319588
4 0.885613 0.756273 0.066038 0.364812
4 0.178656 0.836170 0.062500 0.307528
5 0.125590 0.819588 0.041274 0.292453
6 0.079009 0.754766 0.049528 0.277378
6 0.947524 0.659794 0.048349 0.286423