0 0.592571 0.571961 0.152123 0.428639
0 0.438090 0.561011 0.156840 0.419252
1 0.722288 0.626714 0.107311 0.419252
1 0.302476 0.600120 0.114387 0.453669
2 0.814269 0.639229 0.076651 0.444282
2 0.192807 0.622021 0.102594 0.491214
3 0.876769 0.590734 0.048349 0.341034
3 0.114387 0.601684 0.075472 0.400480
4 0.924528 0.600120 0.047170 0.297231
4 0.058373 0.629843 0.071934 0.394222
5 0.973467 0.620457 0.048349 0.244042
5 0.018278 0.629843 0.036556 0.287845
0 0.431604 0.116246 0.080189 0.232492
0 0.512972 0.119375 0.080189 0.238749
1 0.597877 0.128761 0.089623 0.257522
1 0.347288 0.112035 0.088443 0.222141
2 0.689269 0.130325 0.093160 0.260650
2 0.255896 0.128761 0.091981 0.257522
3 0.776533 0.141276 0.079009 0.282552
3 0.176297 0.131890 0.093160 0.263779
4 0.835495 0.148016 0.074292 0.269072
4 0.110259 0.137065 0.079009 0.234656
5 0.906840 0.182432 0.068396 0.250300
5 0.054245 0.198076 0.075472 0.206497
6 0.946934 0.287245 0.054245 0.184596