0 0.650943 0.579089 0.181604 0.325846
0 0.479363 0.577507 0.156840 0.322682
1 0.797759 0.643942 0.126179 0.310028
1 0.344340 0.621797 0.113208 0.259411
2 0.900354 0.675577 0.102594 0.335337
2 0.252358 0.632869 0.089623 0.300537
3 0.966392 0.730939 0.062500 0.262575
3 0.169811 0.680322 0.075472 0.319519
4 0.114387 0.710376 0.056604 0.303701
0 0.631486 0.259570 0.097877 0.313192
0 0.530071 0.253243 0.100236 0.313192
1 0.731132 0.324423 0.094340 0.291047
1 0.419222 0.294369 0.119104 0.351154
2 0.823113 0.368713 0.087264 0.253084
2 0.309552 0.329168 0.100236 0.313192
3 0.903302 0.444638 0.070755 0.177159
3 0.235259 0.381367 0.081368 0.253084
4 0.950472 0.498418 0.056604 0.177159
4 0.187500 0.431984 0.054245 0.196140