0 0.533608 0.441651 0.147406 0.473462
0 0.383844 0.429981 0.152123 0.490133
1 0.665094 0.459989 0.113208 0.356763
1 0.260613 0.393304 0.091981 0.416780
2 0.759434 0.413310 0.091981 0.356763
2 0.189269 0.348292 0.069575 0.380103
3 0.827241 0.349959 0.064858 0.323421
3 0.142099 0.236595 0.029481 0.216725
4 0.869693 0.241597 0.034198 0.160043
4 0.120283 0.139902 0.021226 0.170046
5 0.909198 0.178246 0.044811 0.140038
0 0.517099 0.736731 0.088443 0.283410
0 0.427476 0.728395 0.090802 0.280076
1 0.602594 0.743399 0.087264 0.290079
1 0.344340 0.713391 0.075472 0.276742
2 0.698113 0.691719 0.084906 0.293413
2 0.268868 0.641705 0.066038 0.260071
3 0.772406 0.633370 0.077830 0.243399
3 0.201061 0.621700 0.060142 0.186717
5 0.879717 0.376633 0.070755 0.183383
5 0.122052 0.364963 0.055425 0.186717