0 0.585495 0.308189 0.206368 0.616378
0 0.388561 0.302958 0.187500 0.605916
1 0.747052 0.289474 0.156840 0.517815
1 0.215212 0.257192 0.152123 0.514384
2 0.867335 0.234962 0.112028 0.469924
2 0.079599 0.220579 0.135613 0.441157
3 0.945165 0.211017 0.069575 0.402745
4 0.983491 0.166559 0.033018 0.303366
0 0.540094 0.724909 0.120283 0.483817
0 0.420991 0.723602 0.115566 0.491663
1 0.658608 0.749754 0.135613 0.486432
1 0.295401 0.742808 0.137972 0.514384
2 0.773585 0.730140 0.120283 0.530891
2 0.160967 0.720987 0.130896 0.549198
3 0.878538 0.637299 0.084906 0.407975
3 0.068396 0.598071 0.099057 0.434128
4 0.930425 0.553612 0.051887 0.282444
4 0.017099 0.513076 0.034198 0.248447
5 0.972877 0.464694 0.049528 0.230140