0 0.580189 0.422593 0.136792 0.334906
0 0.438679 0.417853 0.141509 0.344384
1 0.694575 0.384679 0.091981 0.322268
1 0.317807 0.381519 0.095519 0.303311
2 0.778892 0.365722 0.074292 0.303311
2 0.231722 0.348345 0.071934 0.325427
3 0.837854 0.351504 0.041274 0.249600
3 0.168632 0.319909 0.054245 0.300151
4 0.866745 0.318329 0.033019 0.202207
4 0.122052 0.274097 0.036557 0.240121
0 0.550708 0.665873 0.082547 0.139017
0 0.463443 0.672192 0.087264 0.151655
1 0.634434 0.635858 0.080189 0.167453
1 0.373231 0.629539 0.086085 0.173772
2 0.720519 0.605843 0.077830 0.157974
2 0.284198 0.578987 0.073113 0.148496
3 0.783019 0.582147 0.047170 0.135858