0 0.519458 0.411049 0.130896 0.489233
0 0.392689 0.421312 0.125000 0.489233
1 0.633255 0.390521 0.091981 0.448178
1 0.288325 0.411049 0.079009 0.427651
2 0.721108 0.354599 0.086085 0.472127
2 0.212854 0.363152 0.067217 0.468706
3 0.795401 0.356309 0.062500 0.372912
3 0.155660 0.351177 0.047170 0.355806
4 0.848467 0.316965 0.043632 0.328436
4 0.116156 0.325518 0.031840 0.297645
5 0.895637 0.239988 0.053066 0.318172
5 0.079599 0.269068 0.038915 0.314751
7 0.944575 0.132220 0.033019 0.232642
7 0.050708 0.166432 0.021226 0.218957
0 0.497642 0.732642 0.075472 0.372912
0 0.416274 0.724089 0.075472 0.376333
1 0.578420 0.730932 0.079009 0.362648
1 0.338443 0.715536 0.077830 0.379754
2 0.660377 0.742906 0.087264 0.407124
2 0.264741 0.766854 0.069575 0.379754
3 0.741745 0.713826 0.073113 0.307909
3 0.199882 0.715536 0.060142 0.304488
4 0.804245 0.671060 0.051887 0.270276
4 0.149764 0.665929 0.051887 0.260012
5 0.875000 0.602636 0.089623 0.297645
5 0.099646 0.592373 0.057783 0.256591
6 0.940448 0.428155 0.050708 0.229221
7 0.060731 0.433286 0.036557 0.184745