0 0.642099 0.310929 0.227594 0.621858
0 0.410377 0.304234 0.228774 0.608468
1 0.826651 0.293521 0.139151 0.587042
1 0.220519 0.274773 0.146226 0.549546
2 0.933962 0.296199 0.096698 0.592398
2 0.090802 0.271013 0.110849 0.541000
3 0.977594 0.367428 0.044811 0.407089
3 0.023585 0.265656 0.047170 0.503505
0 0.613208 0.758448 0.136792 0.460653
0 0.479953 0.757109 0.129717 0.457975
1 0.729953 0.754430 0.101415 0.452618
1 0.341981 0.742379 0.141509 0.471366
2 0.839623 0.749074 0.113208 0.474044
2 0.212264 0.767822 0.115566 0.457975
3 0.908608 0.747735 0.079009 0.332099
3 0.107311 0.724970 0.094340 0.361559
4 0.963443 0.782552 0.054245 0.369594
4 0.037736 0.698188 0.075472 0.324064