0 0.605542 0.610956 0.173349 0.506700
0 0.428656 0.644243 0.159198 0.499303
1 0.745283 0.633148 0.125000 0.484509
1 0.316627 0.642394 0.076651 0.414237
2 0.844929 0.670133 0.071934 0.469715
2 0.267099 0.622052 0.048349 0.329170
3 0.902123 0.634997 0.063679 0.347663
3 0.204599 0.662736 0.071934 0.403141
4 0.945755 0.620203 0.051887 0.340266
4 0.150354 0.627600 0.050708 0.355060
5 0.102594 0.634997 0.054245 0.340266
5 0.980542 0.679379 0.038915 0.251501
6 0.066038 0.734857 0.056604 0.310678
0 0.518868 0.272540 0.108491 0.295883
0 0.403892 0.261444 0.116745 0.325472
1 0.634434 0.274389 0.120283 0.321773
1 0.298939 0.268841 0.097877 0.392045
2 0.201651 0.265143 0.099057 0.355060
2 0.731722 0.230006 0.114387 0.343964
3 0.823113 0.226308 0.099057 0.440127
3 0.125590 0.298429 0.050708 0.288486
4 0.900943 0.255896 0.056604 0.380950
4 0.070165 0.385345 0.057783 0.299582
5 0.949292 0.320621 0.042453 0.318075
7 0.984670 0.355757 0.030660 0.210817