0 0.607901 0.171195 0.159198 0.317878
0 0.448703 0.171195 0.154481 0.329799
1 0.742925 0.191062 0.106132 0.278143
1 0.313090 0.193049 0.112028 0.325825
2 0.842571 0.207949 0.097877 0.284104
2 0.210495 0.185102 0.095519 0.290064
3 0.910967 0.263578 0.055425 0.228475
3 0.141509 0.216890 0.056604 0.222515
4 0.958726 0.295366 0.044811 0.212581
4 0.088443 0.230797 0.047170 0.206621
5 0.044811 0.260598 0.035377 0.091390
0 0.637972 0.807945 0.096698 0.307945
0 0.538915 0.815891 0.094340 0.299998
1 0.442807 0.819865 0.095519 0.272183
1 0.730542 0.804964 0.088443 0.301984
2 0.816038 0.789070 0.075472 0.238409
2 0.346698 0.811918 0.099057 0.276157
3 0.879127 0.756289 0.055425 0.156952
3 0.248231 0.792051 0.090802 0.220528
5 0.926297 0.699667 0.088443 0.150992
5 0.148585 0.713574 0.108491 0.214568
6 0.926297 0.576489 0.088443 0.079470
6 0.079009 0.623178 0.073113 0.121191
7 0.935731 0.521854 0.060142 0.041722
7 0.064269 0.504967 0.086085 0.115231