0 0.601415 0.567717 0.155660 0.630835
0 0.446344 0.555243 0.152123 0.584502
1 0.719340 0.565935 0.099057 0.513222
1 0.314858 0.617613 0.110849 0.495401
2 0.813679 0.567717 0.089623 0.545298
2 0.211675 0.655036 0.090802 0.506093
3 0.870873 0.621177 0.069575 0.502529
3 0.149764 0.704932 0.075472 0.477581
4 0.909788 0.651472 0.043632 0.399172
4 0.101415 0.742355 0.051887 0.402736
5 0.942217 0.640780 0.042453 0.356404
5 0.053066 0.726316 0.040094 0.363532
6 0.976415 0.614049 0.025943 0.210278
6 0.018868 0.694240 0.030660 0.285123