0 0.630307 0.714541 0.232311 0.570918
0 0.407429 0.706719 0.211085 0.567346
1 0.830189 0.715772 0.169811 0.488883
1 0.235849 0.756790 0.132075 0.486420
2 0.958137 0.762548 0.083726 0.461723
2 0.132075 0.773388 0.094340 0.453224
3 0.053066 0.815360 0.063679 0.368171
4 0.010613 0.874207 0.021226 0.238406
0 0.590212 0.204256 0.130896 0.359118
0 0.457547 0.205765 0.134434 0.313851
1 0.724646 0.211800 0.137972 0.344029
1 0.317807 0.275174 0.137972 0.283673
2 0.869693 0.269139 0.147406 0.362136
2 0.205189 0.376270 0.082547 0.220299
3 0.972288 0.364199 0.055424 0.256513
3 0.129127 0.424555 0.069575 0.141836
4 0.080778 0.530178 0.048349 0.135801