0 0.502948 0.508036 0.149764 0.469277
0 0.352594 0.527321 0.153302 0.488562
1 0.641509 0.583570 0.129717 0.433921
1 0.215802 0.623748 0.120283 0.392136
2 0.748231 0.628569 0.109670 0.369636
2 0.111439 0.681604 0.088443 0.321423
3 0.824292 0.676782 0.075472 0.279638
3 0.044811 0.718567 0.089622 0.266781
4 0.880896 0.708925 0.056604 0.221782
5 0.919811 0.753924 0.044811 0.215353
0 0.465802 0.062771 0.096698 0.125542
0 0.369693 0.074021 0.093160 0.148042
1 0.558962 0.072414 0.089623 0.144828
1 0.278302 0.086972 0.089623 0.173568
2 0.655660 0.119020 0.103774 0.238040
2 0.179835 0.130364 0.104953 0.260352
3 0.739387 0.204291 0.080189 0.260352
3 0.091981 0.218755 0.070755 0.244281
4 0.796580 0.281433 0.067217 0.228210
4 0.040684 0.311968 0.071934 0.173568
5 0.862028 0.385895 0.082547 0.192854