0 0.561321 0.335516 0.120283 0.458562
0 0.443986 0.325547 0.114387 0.451916
1 0.664505 0.313917 0.088443 0.415364
1 0.346108 0.323886 0.081368 0.388781
2 0.751769 0.295641 0.081368 0.425333
2 0.267689 0.293979 0.073113 0.428656
3 0.807193 0.328870 0.055425 0.299062
3 0.215802 0.287334 0.042453 0.368843
4 0.846108 0.293979 0.050708 0.315677
4 0.176297 0.277365 0.034198 0.335614
5 0.889151 0.262412 0.051887 0.252541
5 0.140920 0.240813 0.031840 0.235927
6 0.923939 0.202599 0.027123 0.186083
6 0.117925 0.164386 0.018868 0.182760
0 0.546580 0.794078 0.074292 0.358875
0 0.472877 0.792416 0.073113 0.348906
1 0.620283 0.777463 0.075472 0.332291
1 0.395047 0.784109 0.082547 0.365520
2 0.699292 0.780786 0.084906 0.412041
2 0.311910 0.769156 0.086085 0.415364
3 0.759434 0.674453 0.066038 0.305708
3 0.242925 0.715989 0.075472 0.315677
4 0.808373 0.617963 0.060142 0.239250
4 0.202241 0.642885 0.057783 0.249218
5 0.858491 0.558151 0.066038 0.199375
5 0.167453 0.569781 0.056604 0.202698
7 0.905071 0.455141 0.043632 0.159500
7 0.133844 0.465109 0.050708 0.159500