0 0.562500 0.457088 0.129717 0.279722
0 0.427476 0.460267 0.133255 0.286079
1 0.674528 0.430070 0.084906 0.276543
1 0.315448 0.414176 0.083726 0.244757
2 0.756486 0.409408 0.081368 0.260650
2 0.233491 0.396694 0.080189 0.228863
3 0.822524 0.361728 0.053066 0.190719
3 0.163915 0.361728 0.054245 0.190719
4 0.862618 0.315638 0.031840 0.123968
5 0.895637 0.282262 0.031840 0.076288
5 0.093160 0.272726 0.061321 0.095360
0 0.550118 0.674826 0.088443 0.149397
0 0.460495 0.668469 0.086085 0.168469
1 0.635613 0.635093 0.075472 0.171648
1 0.372642 0.636682 0.084906 0.200255
2 0.706958 0.587413 0.074292 0.222506
2 0.293042 0.606485 0.069575 0.184362
3 0.778302 0.574698 0.070755 0.228863
3 0.221108 0.582645 0.074292 0.232042
4 0.833726 0.538144 0.044811 0.168469
4 0.160967 0.530197 0.048349 0.158933
5 0.874410 0.455499 0.050708 0.174826
5 0.109670 0.444373 0.054245 0.165290