0 0.572524 0.495999 0.135613 0.324050
0 0.440448 0.489998 0.128538 0.312048
1 0.683962 0.419988 0.091981 0.244038
1 0.327830 0.473996 0.099057 0.312048
2 0.758844 0.415987 0.055425 0.332051
2 0.245283 0.481997 0.068396 0.392060
3 0.806014 0.405985 0.036557 0.272042
3 0.198703 0.520003 0.048349 0.276043
4 0.830189 0.389983 0.030660 0.248038
4 0.164505 0.495999 0.041274 0.260040
6 0.862028 0.309971 0.035377 0.160025
6 0.118514 0.451993 0.038915 0.172027
0 0.540094 0.706032 0.077830 0.152023
0 0.462854 0.710032 0.074292 0.144022
1 0.619104 0.664025 0.070755 0.212033
1 0.390920 0.686029 0.067217 0.184028
2 0.688679 0.638021 0.068396 0.192030
2 0.316038 0.710032 0.075472 0.144022
3 0.755307 0.622019 0.057783 0.136021
3 0.242335 0.728035 0.060142 0.108017
4 0.797759 0.604016 0.027123 0.116018
6 0.846698 0.532005 0.042453 0.148023