0 0.576061 0.526836 0.152123 0.540560
0 0.428656 0.515335 0.140330 0.532893
1 0.701061 0.547922 0.090802 0.444716
1 0.303656 0.503834 0.107311 0.471553
2 0.781840 0.557506 0.073113 0.425547
2 0.206958 0.492332 0.083726 0.440882
3 0.845519 0.523003 0.054245 0.364207
3 0.134434 0.455912 0.061321 0.368041
4 0.877358 0.517252 0.035377 0.222358
4 0.096698 0.446327 0.033019 0.241527
0 0.543632 0.866124 0.073113 0.184020
0 0.465802 0.860373 0.077830 0.180187
1 0.622642 0.852706 0.084906 0.226192
1 0.382075 0.831620 0.084906 0.222358
2 0.702830 0.852706 0.075472 0.180187
2 0.294811 0.793283 0.087264 0.176353
3 0.774764 0.820119 0.061321 0.115013