0 0.522995 0.384400 0.140330 0.350610
0 0.383255 0.385671 0.139151 0.327744
1 0.639151 0.369157 0.089623 0.376016
1 0.276533 0.371697 0.074292 0.309959
2 0.724646 0.358994 0.081368 0.335366
2 0.201651 0.356453 0.077830 0.309959
3 0.782429 0.364075 0.057783 0.248984
3 0.147995 0.356453 0.069575 0.274390
4 0.832547 0.339939 0.061321 0.200711
4 0.102005 0.337398 0.045991 0.215955
0 0.502358 0.704522 0.087264 0.309959
0 0.416274 0.701982 0.084906 0.304878
1 0.589623 0.708333 0.084906 0.322663
1 0.345519 0.686738 0.080189 0.299797
2 0.675708 0.700711 0.091981 0.342988
2 0.283019 0.676575 0.070755 0.289634
3 0.747642 0.653709 0.080189 0.259146
3 0.222877 0.653709 0.080189 0.264228
4 0.822524 0.588923 0.086085 0.261687
4 0.160967 0.592734 0.076651 0.193089
5 0.856722 0.484756 0.050708 0.160061
5 0.099646 0.520325 0.048349 0.144817