0 0.563090 0.422087 0.232311 0.782754
0 0.324292 0.402156 0.240566 0.771882
1 0.761792 0.409403 0.162736 0.728396
1 0.117925 0.365917 0.172170 0.706653
2 0.906840 0.407592 0.125000 0.666790
2 0.015920 0.374977 0.031840 0.529084
3 0.979363 0.382225 0.041274 0.471102
0 0.513561 0.829771 0.130896 0.322524
0 0.370873 0.829771 0.137972 0.315276
1 0.660377 0.822524 0.148585 0.351514
1 0.221698 0.808888 0.148585 0.382224
2 0.812500 0.804404 0.139151 0.329771
2 0.070165 0.795345 0.133255 0.405872
3 0.924528 0.797157 0.084906 0.315276
4 0.982311 0.726491 0.030660 0.239175