0 0.578420 0.313261 0.145047 0.457438
0 0.428656 0.336423 0.152123 0.422696
1 0.706958 0.316156 0.109670 0.353211
1 0.295401 0.346556 0.112028 0.350316
2 0.803656 0.321947 0.083726 0.347421
2 0.197524 0.374060 0.081368 0.364792
3 0.863797 0.363927 0.064858 0.298203
3 0.132075 0.408802 0.047170 0.295308
4 0.913915 0.366822 0.051887 0.257671
4 0.091392 0.421830 0.034198 0.228719
5 0.953420 0.348003 0.038915 0.248985
5 0.056014 0.420383 0.053066 0.196872
6 0.978774 0.307471 0.023585 0.243195
0 0.547170 0.682396 0.096698 0.350316
0 0.450472 0.691082 0.099057 0.344526
1 0.645047 0.670815 0.096698 0.338735
1 0.349646 0.685291 0.100236 0.338735
2 0.736439 0.673710 0.086085 0.356107
2 0.260613 0.692529 0.073113 0.370582
3 0.811910 0.669368 0.083726 0.324260
3 0.194575 0.709900 0.058962 0.306889
4 0.869104 0.636073 0.070755 0.246090
4 0.140920 0.688186 0.050708 0.251880
5 0.937500 0.637521 0.096698 0.231614
5 0.084906 0.667920 0.063679 0.257671
6 0.040684 0.625940 0.041274 0.185291