0 0.741745 0.200458 0.195755 0.400916
0 0.547759 0.196597 0.189858 0.393194
1 0.912736 0.181156 0.146226 0.362311
1 0.380307 0.190163 0.145047 0.380326
2 0.244104 0.222334 0.143868 0.444667
3 0.151533 0.225909 0.093160 0.401485
4 0.078420 0.204033 0.090802 0.362881
4 0.024764 0.184731 0.049528 0.257362
0 0.692807 0.793108 0.121462 0.413784
0 0.571344 0.798255 0.121462 0.403489
1 0.813679 0.784101 0.117925 0.431798
1 0.456958 0.799542 0.119104 0.400916
2 0.929835 0.737775 0.119104 0.524449
2 0.350825 0.782814 0.121462 0.434372
3 0.238797 0.781527 0.128538 0.436946
3 0.981722 0.640262 0.036556 0.319129
4 0.165094 0.722618 0.103774 0.375749
5 0.081368 0.629968 0.125000 0.329424
6 0.032429 0.484558 0.062500 0.208463