0 0.596698 0.436351 0.143868 0.592735
0 0.449292 0.446296 0.148585 0.572845
1 0.718750 0.394581 0.097877 0.525107
1 0.321344 0.402537 0.102594 0.469414
2 0.810731 0.386625 0.086085 0.564888
2 0.221698 0.384635 0.094340 0.377918
3 0.889151 0.370712 0.070755 0.437590
3 0.140330 0.414471 0.058962 0.262554
4 0.939269 0.328942 0.048349 0.354050
4 0.083726 0.374690 0.054245 0.222773
5 0.979953 0.271260 0.033019 0.222773
5 0.035377 0.285183 0.042453 0.139233
0 0.615566 0.826578 0.108491 0.346844
0 0.504717 0.818247 0.113208 0.346094
1 0.724646 0.794378 0.107311 0.322225
1 0.385613 0.794378 0.120283 0.338137
2 0.821344 0.772499 0.086085 0.389853
2 0.271226 0.724762 0.110849 0.334159
3 0.889151 0.696915 0.049528 0.326203
3 0.172759 0.655145 0.079009 0.194926
4 0.107311 0.613375 0.054245 0.206861
5 0.946934 0.605419 0.054245 0.190948