0 0.532429 0.441330 0.102594 0.319751
0 0.424528 0.435463 0.113208 0.308017
1 0.619104 0.410528 0.068396 0.269881
1 0.324882 0.413462 0.083726 0.287482
2 0.688090 0.397328 0.067217 0.249347
2 0.247052 0.384127 0.071934 0.293349
3 0.742335 0.359192 0.043632 0.220012
3 0.183962 0.344525 0.047170 0.284549
4 0.771226 0.335724 0.035377 0.184810
4 0.140330 0.307856 0.040094 0.234680
5 0.808962 0.300522 0.033019 0.178943
5 0.097288 0.275588 0.043632 0.193611
6 0.073703 0.268254 0.029481 0.155475
0 0.498231 0.662809 0.079009 0.217079
0 0.423939 0.659875 0.069575 0.211212
1 0.574292 0.640808 0.073113 0.243480
1 0.349646 0.627607 0.074292 0.228813
2 0.648585 0.624674 0.070755 0.287482
2 0.268868 0.605606 0.087264 0.225879
3 0.708726 0.621740 0.054245 0.205345
3 0.201061 0.588005 0.067217 0.196544
4 0.748231 0.567470 0.050708 0.184810
4 0.149175 0.529335 0.055425 0.190677
6 0.790094 0.467732 0.047170 0.155475
6 0.095519 0.454531 0.068396 0.152542