0 0.692807 0.585810 0.215802 0.567906
0 0.455189 0.567088 0.228774 0.580387
1 0.853774 0.588930 0.122642 0.399406
1 0.280660 0.548366 0.117925 0.405647
2 0.957547 0.610773 0.084906 0.436851
2 0.169222 0.571768 0.102594 0.396286
3 0.091392 0.595171 0.071934 0.374444
4 0.041863 0.693462 0.050708 0.346360
5 0.011203 0.729347 0.022406 0.230907
0 0.649175 0.270653 0.135613 0.449332
0 0.521816 0.270653 0.121462 0.449332
1 0.790094 0.298737 0.117925 0.418129
1 0.384434 0.269093 0.117925 0.383805
2 0.914505 0.343982 0.112028 0.358842
2 0.259434 0.280014 0.101415 0.305796
3 0.159788 0.339301 0.093160 0.237148
4 0.090212 0.387667 0.048349 0.184101
5 0.041863 0.445394 0.050708 0.149777