0 0.552476 0.337729 0.133255 0.420806
0 0.422170 0.345980 0.127358 0.420806
1 0.657429 0.341854 0.071934 0.352046
1 0.311910 0.334978 0.095519 0.365798
2 0.732901 0.337729 0.071934 0.387801
2 0.224646 0.337729 0.079009 0.404303
3 0.778892 0.321226 0.041274 0.349296
3 0.163915 0.340479 0.044811 0.354797
4 0.815448 0.300599 0.029481 0.335544
4 0.123231 0.336353 0.036557 0.319042
5 0.849646 0.268970 0.036557 0.360298
5 0.082547 0.334978 0.040094 0.272286
0 0.525943 0.713153 0.080189 0.335544
0 0.452241 0.714528 0.067217 0.327293
1 0.608491 0.698026 0.084906 0.338295
1 0.379127 0.699401 0.081368 0.357547
2 0.689858 0.695276 0.080189 0.371299
2 0.294222 0.704902 0.081368 0.374049
3 0.765920 0.680149 0.064858 0.341045
3 0.219929 0.674648 0.069575 0.280537
4 0.801297 0.640269 0.036557 0.261284
4 0.166863 0.655396 0.050708 0.275036
5 0.122642 0.636143 0.037736 0.269536
6 0.091392 0.578385 0.024764 0.187025