0 0.663325 0.261278 0.180425 0.495808
0 0.479363 0.271771 0.185142 0.527288
1 0.797759 0.245538 0.114387 0.438095
1 0.336085 0.256031 0.106132 0.443341
2 0.913325 0.242915 0.116745 0.459081
2 0.244104 0.269148 0.101415 0.469574
3 0.979953 0.278329 0.040094 0.330538
3 0.184552 0.322926 0.064858 0.351525
4 0.154481 0.379327 0.040094 0.217736
0 0.632665 0.824109 0.102594 0.351782
0 0.532429 0.818734 0.097877 0.362018
1 0.729953 0.810992 0.110849 0.378016
1 0.437500 0.804434 0.115566 0.391132
2 0.827830 0.783447 0.108491 0.433105
2 0.344340 0.791317 0.099057 0.417365
3 0.906840 0.772825 0.091981 0.327915
3 0.267099 0.799059 0.074292 0.301682
4 0.958726 0.711177 0.063679 0.283319
4 0.221108 0.761020 0.048349 0.272825
5 0.190448 0.698061 0.045991 0.157399