0 0.577830 0.438753 0.158019 0.510392
0 0.416863 0.425629 0.156840 0.466644
1 0.272995 0.469376 0.130896 0.460811
1 0.714033 0.463543 0.116745 0.449145
2 0.823113 0.520416 0.099057 0.446229
2 0.150354 0.456252 0.112028 0.457895
3 0.895637 0.518957 0.048349 0.349983
3 0.071934 0.453336 0.063679 0.382065
4 0.936910 0.510208 0.034198 0.314985
4 0.027123 0.456252 0.044811 0.317901
5 0.964623 0.533540 0.023585 0.204157
2 0.764151 0.187932 0.094340 0.282903
2 0.225236 0.174807 0.117925 0.262487
3 0.849057 0.201056 0.073113 0.279987
3 0.130896 0.157308 0.066038 0.250821
4 0.899764 0.237513 0.044811 0.207073
4 0.073703 0.179182 0.050708 0.195407
5 0.931014 0.273969 0.041274 0.139993
5 0.026533 0.180640 0.041274 0.163325