0 0.573113 0.383514 0.146226 0.564037
0 0.429245 0.373296 0.143868 0.568125
1 0.692217 0.358991 0.087264 0.514991
1 0.306604 0.356947 0.099057 0.543601
2 0.773585 0.354903 0.075472 0.523165
2 0.209906 0.367165 0.087264 0.498642
3 0.827241 0.340598 0.050708 0.388287
3 0.153302 0.356947 0.051887 0.412810
4 0.857311 0.340598 0.044811 0.290193
4 0.113208 0.358991 0.047170 0.351502
5 0.899175 0.283377 0.048349 0.282019
5 0.076061 0.334467 0.045991 0.253408
0 0.530071 0.710492 0.076651 0.416897
0 0.456958 0.714579 0.069575 0.416897
1 0.610849 0.679838 0.077830 0.339240
1 0.376769 0.704361 0.086085 0.388287
2 0.692217 0.688012 0.082547 0.257495
2 0.293632 0.739103 0.077830 0.326978
3 0.768868 0.663489 0.066038 0.216623
3 0.223467 0.708449 0.062500 0.257495
4 0.813090 0.622617 0.041274 0.167576
4 0.166274 0.675751 0.049528 0.224797
5 0.854363 0.567439 0.041274 0.179838
5 0.115566 0.632835 0.054245 0.212536