0 0.561321 0.434375 0.122642 0.476875
0 0.438679 0.443125 0.122642 0.450625
1 0.650943 0.408125 0.070755 0.485625
1 0.337264 0.425625 0.073113 0.433125
2 0.721108 0.397188 0.064858 0.507500
2 0.260613 0.432188 0.070755 0.437500
3 0.767099 0.388437 0.050708 0.455000
3 0.204599 0.392813 0.062500 0.402500
4 0.803066 0.401562 0.035377 0.376250
4 0.155071 0.340313 0.034198 0.350000
5 0.845519 0.298750 0.044811 0.354375
5 0.117335 0.294375 0.041274 0.258125
0 0.537736 0.738437 0.077830 0.157500
0 0.461085 0.747188 0.075472 0.157500
1 0.609080 0.718750 0.060142 0.118125
1 0.382075 0.714375 0.075472 0.161875
2 0.670991 0.690312 0.051887 0.113750
2 0.314858 0.701250 0.049528 0.109375