0 0.537736 0.382168 0.129717 0.291306
0 0.408019 0.388715 0.127358 0.310945
1 0.659788 0.360893 0.109670 0.320764
1 0.306014 0.333072 0.074292 0.324037
2 0.757665 0.342891 0.088443 0.304398
2 0.231132 0.323252 0.075472 0.317491
3 0.834906 0.336345 0.066038 0.278214
3 0.162736 0.328162 0.061321 0.281487
4 0.887972 0.329799 0.054245 0.252029
4 0.120873 0.305250 0.041274 0.281487
5 0.929245 0.306887 0.037736 0.166928
5 0.086085 0.301977 0.044811 0.216025
0 0.531840 0.701296 0.087264 0.202932
0 0.440448 0.720934 0.081368 0.202932
1 0.624410 0.678384 0.088443 0.209479
1 0.354953 0.693113 0.084906 0.219298
2 0.705189 0.621105 0.080189 0.186567
2 0.274764 0.637470 0.073113 0.245483
3 0.779481 0.599830 0.077830 0.150563
3 0.208137 0.611285 0.057783 0.147290
4 0.836675 0.554006 0.057783 0.117832
4 0.171580 0.565462 0.060142 0.108012