0 0.591392 0.347198 0.147406 0.394978
0 0.444575 0.319809 0.143868 0.409393
1 0.715802 0.331341 0.101415 0.345966
1 0.327241 0.292420 0.090802 0.331551
2 0.797759 0.337108 0.069575 0.334434
2 0.241745 0.265031 0.082547 0.311370
3 0.852594 0.322692 0.051887 0.276773
3 0.181604 0.233318 0.056604 0.271007
4 0.883844 0.318368 0.029481 0.198931
4 0.145637 0.243408 0.029481 0.170100
5 0.906250 0.296745 0.020047 0.132620
5 0.112618 0.228993 0.036557 0.187398
0 0.531250 0.701814 0.097877 0.360381
0 0.435142 0.690281 0.091981 0.360381
1 0.625000 0.691723 0.089623 0.357498
1 0.344340 0.660009 0.087264 0.363264
2 0.712854 0.696047 0.086085 0.412276
2 0.270637 0.645594 0.095519 0.415159
3 0.783608 0.634062 0.055425 0.276773
3 0.202241 0.561986 0.074292 0.363264
4 0.827830 0.566310 0.033019 0.210463
4 0.159788 0.475494 0.048349 0.184515
5 0.862028 0.530272 0.035377 0.155685
5 0.133255 0.436573 0.035377 0.158568
7 0.112618 0.387561 0.024764 0.100907