0 0.594340 0.359840 0.150943 0.426085
0 0.446934 0.368811 0.143868 0.403660
1 0.709906 0.365447 0.106132 0.352081
1 0.322524 0.376660 0.100236 0.361051
2 0.794222 0.335172 0.093160 0.412630
2 0.233491 0.348628 0.099057 0.399175
3 0.864387 0.338536 0.068396 0.280319
3 0.156840 0.353113 0.068396 0.309472
4 0.926887 0.316111 0.058962 0.298260
4 0.091981 0.314989 0.061321 0.300502
5 0.962264 0.237621 0.028302 0.235468
5 0.041274 0.257804 0.040094 0.280319
0 0.570755 0.728740 0.094340 0.383477
0 0.471698 0.726498 0.103774 0.387962
1 0.674528 0.739953 0.110849 0.428328
1 0.369693 0.755651 0.116745 0.450753
2 0.767689 0.653615 0.110849 0.304987
2 0.264151 0.655857 0.113208 0.345353
3 0.840802 0.597551 0.087264 0.264621
3 0.189858 0.603157 0.080189 0.244438
4 0.910377 0.574004 0.082547 0.248923
4 0.115566 0.581853 0.101415 0.237711
5 0.962264 0.492151 0.056604 0.170434
5 0.051297 0.495515 0.067217 0.172677