0 0.652123 0.321415 0.186321 0.550749
0 0.471108 0.322779 0.173349 0.564382
1 0.809552 0.299604 0.126179 0.479861
1 0.324882 0.314599 0.116745 0.466228
2 0.929835 0.258861 0.116745 0.517722
2 0.214623 0.279155 0.101415 0.542570
3 0.114387 0.295514 0.096698 0.444417
4 0.044222 0.306420 0.057783 0.357169
5 0.012972 0.292787 0.025943 0.269922
0 0.605542 0.828541 0.123821 0.338084
0 0.485849 0.829750 0.113208 0.340500
1 0.727594 0.824297 0.122642 0.351406
1 0.367925 0.825660 0.122642 0.348680
2 0.851415 0.797032 0.122642 0.405936
2 0.253538 0.810819 0.106132 0.368075
3 0.944575 0.731751 0.101415 0.422605
3 0.170991 0.745383 0.106132 0.406246
4 0.107901 0.677221 0.097877 0.357169
5 0.042453 0.640414 0.084906 0.272648