0 0.560731 0.216381 0.149764 0.416797
0 0.410377 0.210215 0.150943 0.414331
1 0.688090 0.207749 0.107311 0.365006
1 0.282429 0.212681 0.102594 0.365006
2 0.781840 0.204049 0.075472 0.328012
2 0.196934 0.195418 0.068396 0.320613
3 0.827830 0.220080 0.035377 0.217030
3 0.158019 0.252141 0.033019 0.182503
4 0.861439 0.229945 0.034198 0.172638
4 0.129127 0.249675 0.024764 0.167705
5 0.875590 0.260773 0.034198 0.135644
5 0.103184 0.275571 0.027123 0.155374
0 0.536557 0.742926 0.087264 0.320613
0 0.448113 0.751558 0.084906 0.347742
1 0.624410 0.773754 0.088443 0.352674
1 0.360259 0.752791 0.090802 0.335411
2 0.708726 0.778687 0.082547 0.318147
2 0.268868 0.797184 0.089623 0.340343
3 0.774764 0.723196 0.066038 0.266355
3 0.205189 0.734294 0.061321 0.249092
4 0.812500 0.646742 0.058962 0.207165
4 0.177476 0.680037 0.067217 0.214564
5 0.849057 0.627012 0.049528 0.157840
5 0.136203 0.647975 0.064858 0.160307
6 0.860849 0.554258 0.051887 0.130711
6 0.116156 0.580153 0.053066 0.128245