0 0.565448 0.583634 0.147406 0.476891
0 0.418632 0.578296 0.148585 0.466214
1 0.685731 0.503559 0.090802 0.444861
1 0.295401 0.510677 0.095519 0.459097
2 0.766509 0.451955 0.070755 0.427067
2 0.214623 0.478647 0.063679 0.430625
3 0.825472 0.378998 0.047170 0.330977
3 0.172170 0.439499 0.037736 0.309623
4 0.858491 0.348747 0.047170 0.270476
4 0.137972 0.373659 0.044811 0.291829
5 0.888561 0.291805 0.034198 0.156591
5 0.110849 0.318497 0.030660 0.167268
0 0.557193 0.768696 0.086085 0.306064
0 0.469340 0.775814 0.084906 0.306064
1 0.641509 0.731328 0.077830 0.309623
1 0.385613 0.756240 0.080189 0.302505
2 0.721108 0.685062 0.081368 0.274034
2 0.304835 0.695739 0.081368 0.288270
3 0.793042 0.635238 0.060142 0.231328
3 0.228184 0.654812 0.064858 0.234887
4 0.832547 0.587193 0.042453 0.206416
4 0.176887 0.638797 0.037736 0.202857
6 0.874410 0.494662 0.036557 0.170827
6 0.140920 0.544486 0.027123 0.128120