0 0.520637 0.450489 0.119104 0.405368
0 0.405660 0.456678 0.113208 0.417745
1 0.624410 0.430376 0.090802 0.352763
1 0.305425 0.465961 0.082547 0.318724
2 0.713443 0.422640 0.082547 0.318724
2 0.224057 0.436565 0.077830 0.346574
3 0.775943 0.419545 0.044811 0.300158
3 0.165094 0.445848 0.047170 0.297063
4 0.811910 0.425734 0.027123 0.256836
4 0.137382 0.459773 0.043632 0.250647
5 0.114976 0.476792 0.031840 0.173287
5 0.830189 0.400979 0.016509 0.139248
0 0.498231 0.708873 0.067217 0.129965
0 0.428066 0.733628 0.063679 0.142343
1 0.570165 0.677929 0.079009 0.191853
1 0.354363 0.711967 0.074292 0.173287
2 0.658019 0.681023 0.089623 0.222798
2 0.272406 0.698042 0.073113 0.225892
3 0.729953 0.651626 0.058962 0.157815
3 0.204599 0.643890 0.057783 0.129965