0 0.545401 0.442592 0.126179 0.341895
0 0.419222 0.450247 0.123821 0.331690
1 0.654481 0.434938 0.091981 0.316381
1 0.311321 0.447695 0.087264 0.290866
2 0.737028 0.431111 0.068396 0.313829
2 0.230542 0.433662 0.074292 0.298521
3 0.788915 0.436214 0.058962 0.242389
3 0.177476 0.414526 0.062500 0.270455
4 0.820755 0.427283 0.028302 0.193911
4 0.145637 0.400493 0.031840 0.216874
5 0.848467 0.405596 0.024764 0.191359
5 0.121462 0.383909 0.028302 0.142882
6 0.872052 0.360946 0.024764 0.137779
6 0.101415 0.394114 0.033019 0.102058
0 0.559552 0.761524 0.079009 0.183705
0 0.474057 0.762800 0.084906 0.186256
1 0.644458 0.748767 0.083726 0.178602
1 0.386792 0.747491 0.084906 0.165845
2 0.715212 0.721977 0.071934 0.181154
2 0.300118 0.711771 0.083726 0.181154
3 0.767689 0.681154 0.082547 0.165845
3 0.239976 0.690084 0.062500 0.188808
4 0.811321 0.660742 0.066038 0.150536
4 0.194575 0.679878 0.056604 0.183705
5 0.846698 0.628849 0.056604 0.122470
5 0.158019 0.640330 0.056604 0.155639
6 0.867925 0.563786 0.047170 0.058684
6 0.130896 0.598231 0.040094 0.127573