0 0.544222 0.483416 0.222877 0.586835
0 0.325472 0.466831 0.212264 0.604696
1 0.729953 0.478313 0.148585 0.505189
1 0.139151 0.474485 0.155660 0.548563
2 0.870283 0.459177 0.132075 0.517946
2 0.034198 0.501276 0.068396 0.479674
3 0.958137 0.450247 0.083726 0.418439
0 0.443986 0.924137 0.149764 0.151726
0 0.297170 0.934343 0.141509 0.131314
1 0.599057 0.924137 0.160377 0.151726
1 0.160967 0.940127 0.133255 0.117367
2 0.754717 0.892244 0.150943 0.215512
3 0.863208 0.874384 0.103774 0.251232
4 0.941038 0.858480 0.089623 0.270455
5 0.962854 0.806175 0.074292 0.262800
2 0.047759 0.918439 0.095518 0.160742