0 0.565448 0.346234 0.135613 0.563810
0 0.429835 0.365947 0.130896 0.548039
1 0.679245 0.320606 0.091981 0.488898
1 0.319575 0.367919 0.087264 0.473128
2 0.763561 0.296949 0.076651 0.473128
2 0.234670 0.346234 0.073113 0.477070
3 0.829599 0.291035 0.050708 0.374559
3 0.184552 0.336377 0.050708 0.410044
4 0.870283 0.283150 0.042453 0.303590
4 0.147406 0.334405 0.037736 0.327247
5 0.912146 0.229923 0.045991 0.323304
5 0.113208 0.308778 0.028302 0.315418
7 0.955189 0.135298 0.030660 0.228678
7 0.087264 0.255551 0.023585 0.256277
0 0.540094 0.712907 0.080189 0.453414
0 0.449882 0.706993 0.081368 0.457357
1 0.626179 0.722764 0.087264 0.457357
1 0.364387 0.718821 0.087264 0.465242
2 0.715802 0.718821 0.089623 0.465242
2 0.281250 0.742478 0.076651 0.457357
3 0.784788 0.630110 0.076651 0.358788
3 0.221698 0.687280 0.066038 0.339075
4 0.842571 0.570969 0.057783 0.272048
4 0.172170 0.655738 0.056604 0.275991
5 0.903302 0.523656 0.063679 0.256277
5 0.133255 0.588711 0.054245 0.220793
6 0.952241 0.389604 0.041274 0.216850
6 0.100236 0.503943 0.040094 0.177423