0 0.587264 0.417957 0.125000 0.381971
0 0.464623 0.428717 0.117925 0.398110
1 0.691038 0.409887 0.080189 0.301273
1 0.365566 0.432752 0.080189 0.303963
2 0.776533 0.399127 0.088443 0.301273
2 0.281250 0.430062 0.088443 0.320102
3 0.840802 0.384333 0.063679 0.271683
3 0.215802 0.426027 0.061321 0.252854
4 0.897995 0.360123 0.050708 0.250164
4 0.172759 0.409887 0.045991 0.225955
5 0.945755 0.307670 0.042453 0.247474
5 0.128538 0.377608 0.044811 0.209815
7 0.094340 0.279425 0.040094 0.212505
0 0.538915 0.766304 0.075472 0.325482
0 0.459316 0.782443 0.081368 0.298583
1 0.619104 0.771683 0.082547 0.320102
1 0.375590 0.748819 0.081368 0.312032
2 0.701061 0.716540 0.081368 0.312032
2 0.298349 0.705780 0.075472 0.355071
3 0.773585 0.695020 0.094340 0.312032
3 0.237028 0.669466 0.077830 0.282443
4 0.832547 0.643912 0.070755 0.274373
4 0.179835 0.658706 0.064858 0.260924
5 0.889741 0.608942 0.090802 0.225955
5 0.125000 0.603563 0.070755 0.225955
6 0.942217 0.508070 0.049528 0.164086
6 0.089033 0.491930 0.057783 0.185606