0 0.584316 0.461909 0.145047 0.432719
0 0.435142 0.466479 0.148585 0.447956
1 0.699292 0.443625 0.080189 0.396152
1 0.311321 0.442101 0.096698 0.362631
2 0.780660 0.411628 0.075472 0.411388
2 0.217571 0.390296 0.093160 0.423577
3 0.844340 0.399438 0.056604 0.332158
3 0.139741 0.388773 0.062500 0.359584
4 0.893868 0.349158 0.042453 0.292543
4 0.080778 0.349158 0.048349 0.280353
0 0.538325 0.733120 0.088443 0.127987
0 0.442807 0.733120 0.097877 0.109704
1 0.629127 0.713312 0.090802 0.185886
1 0.351415 0.675221 0.080189 0.176745
2 0.717571 0.690457 0.083726 0.188934
2 0.268868 0.647795 0.077830 0.182839
3 0.788325 0.652366 0.057783 0.131035
3 0.192217 0.612751 0.058962 0.131035