0 0.620283 0.271277 0.183962 0.518617
0 0.438090 0.271277 0.178066 0.523936
1 0.769458 0.256649 0.133255 0.500000
1 0.285377 0.256649 0.127358 0.500000
2 0.886792 0.269947 0.099057 0.473404
2 0.175118 0.257979 0.093160 0.502660
3 0.951651 0.293883 0.073113 0.393617
3 0.084906 0.221410 0.084906 0.442819
4 0.028302 0.223404 0.056604 0.321809
0 0.577830 0.801197 0.108491 0.397606
0 0.466392 0.799867 0.116745 0.400266
1 0.686321 0.795213 0.108491 0.401596
1 0.353184 0.785904 0.107311 0.414894
2 0.781250 0.779920 0.102594 0.440160
2 0.261792 0.758644 0.108491 0.482712
3 0.873821 0.742021 0.084906 0.428191
3 0.176297 0.712766 0.083726 0.396277
4 0.929245 0.707447 0.061321 0.316489
4 0.121462 0.632979 0.068396 0.364362
5 0.966981 0.635638 0.066038 0.273936
5 0.070755 0.590426 0.077830 0.289894
6 0.021226 0.492021 0.042452 0.199468