0 0.571934 0.400235 0.139151 0.530893
0 0.423349 0.405579 0.153302 0.548708
1 0.685731 0.350352 0.088443 0.452506
1 0.300118 0.393109 0.090802 0.452506
2 0.771816 0.336100 0.079009 0.438254
2 0.211085 0.352134 0.084906 0.456069
3 0.824882 0.332537 0.050708 0.374119
3 0.140920 0.380638 0.060142 0.370556
4 0.866156 0.302251 0.031840 0.299295
4 0.092571 0.318285 0.034198 0.331363
0 0.545401 0.717346 0.083726 0.096202
0 0.455189 0.735161 0.089623 0.103328
1 0.627948 0.654992 0.076651 0.163900
1 0.370873 0.706656 0.079009 0.174589
2 0.706368 0.583731 0.070755 0.192404
2 0.285377 0.672808 0.089623 0.213782
3 0.204599 0.617580 0.071934 0.224472