0 0.588443 0.386208 0.153302 0.512718
0 0.432193 0.377052 0.159198 0.510102
1 0.724057 0.377052 0.115566 0.426393
1 0.290094 0.328658 0.122642 0.439472
2 0.818396 0.307731 0.089623 0.444704
2 0.181014 0.275032 0.097877 0.442088
3 0.879717 0.322118 0.063679 0.326988
3 0.117925 0.255413 0.073113 0.355763
4 0.919222 0.271108 0.038915 0.245895
4 0.070755 0.220098 0.056604 0.279902
6 0.025943 0.137697 0.033019 0.219736
0 0.556014 0.743279 0.095519 0.384538
0 0.462854 0.734124 0.093160 0.376691
1 0.656840 0.757667 0.101415 0.408081
1 0.360259 0.753743 0.109670 0.452552
2 0.752358 0.736740 0.091981 0.434241
2 0.252948 0.723660 0.107311 0.465631
3 0.830189 0.655646 0.058962 0.360995
3 0.178066 0.619024 0.082547 0.313909
4 0.869693 0.592865 0.036557 0.235432
4 0.120283 0.547086 0.056604 0.243279
6 0.905071 0.515695 0.034198 0.190961
6 0.081958 0.459453 0.053066 0.177882