0 0.682193 0.317618 0.201651 0.443121
0 0.468160 0.302757 0.200472 0.553902
1 0.856722 0.218996 0.145047 0.429612
1 0.297759 0.237910 0.137972 0.472843
2 0.964623 0.213592 0.070754 0.402592
2 0.166863 0.239868 0.126179 0.479735
3 0.074292 0.242570 0.115566 0.485139
4 0.018868 0.230411 0.037736 0.460822
0 0.597877 0.720210 0.122642 0.351255
0 0.473467 0.718859 0.126179 0.332341
1 0.728774 0.728316 0.136792 0.383678
1 0.341981 0.724263 0.136792 0.386380
2 0.873821 0.728316 0.150943 0.464737
2 0.213443 0.695892 0.122642 0.399890
3 0.954599 0.703998 0.090802 0.399890
3 0.137382 0.709402 0.109670 0.367467
4 0.057783 0.689137 0.094340 0.283706
5 0.020047 0.612131 0.040094 0.145906