0 0.527712 0.503409 0.123821 0.385207
0 0.403892 0.474433 0.126179 0.395434
1 0.639151 0.476138 0.096698 0.398843
1 0.300118 0.457389 0.081368 0.388616
2 0.728774 0.486364 0.080189 0.385207
2 0.222877 0.431822 0.073113 0.364753
3 0.792453 0.493182 0.044811 0.330664
3 0.167453 0.435231 0.037736 0.282940
4 0.832547 0.443753 0.028302 0.327255
4 0.126179 0.382393 0.042453 0.306802
0 0.520047 0.747146 0.058962 0.109085
0 0.444575 0.738624 0.058962 0.126130
1 0.591981 0.736919 0.070755 0.115903
1 0.373231 0.726693 0.067217 0.115903
2 0.670991 0.738624 0.070755 0.112494
2 0.292453 0.718170 0.066038 0.126130