0 0.683962 0.386145 0.160377 0.506357
0 0.518278 0.389141 0.182783 0.488380
1 0.823703 0.374160 0.116745 0.410479
1 0.373231 0.320228 0.130896 0.464410
2 0.923349 0.347194 0.103774 0.392501
2 0.268868 0.284274 0.080189 0.434448
3 0.971698 0.347194 0.056604 0.248684
3 0.205778 0.252814 0.067217 0.341566
4 0.154481 0.200381 0.061321 0.308608
5 0.111439 0.135962 0.050708 0.251680
0 0.658019 0.643817 0.101415 0.206737
0 0.550118 0.646814 0.109670 0.224715
1 0.762382 0.637825 0.100236 0.236699
1 0.433962 0.633331 0.103774 0.263665
2 0.858491 0.622844 0.084906 0.248684
2 0.332547 0.610859 0.099057 0.284638
3 0.937500 0.583893 0.089623 0.296623
3 0.262972 0.552433 0.077830 0.257673
4 0.984670 0.519475 0.030660 0.119848
4 0.205189 0.474532 0.051887 0.191756
6 0.150943 0.422099 0.054245 0.146814