0 0.577830 0.438654 0.139151 0.490772
0 0.436910 0.424497 0.145047 0.500210
1 0.689858 0.426070 0.084906 0.490772
1 0.320165 0.413486 0.083726 0.446728
2 0.769458 0.426070 0.074292 0.515940
2 0.239387 0.385172 0.075472 0.484480
3 0.819575 0.427643 0.049528 0.437290
3 0.193396 0.391464 0.049528 0.408977
4 0.857901 0.435508 0.048349 0.358641
4 0.147406 0.393037 0.044811 0.355495
5 0.899764 0.416632 0.049528 0.358641
5 0.105542 0.361577 0.038915 0.324035
6 0.939858 0.386745 0.033019 0.254824
6 0.068396 0.320680 0.033019 0.217072
0 0.551297 0.846057 0.088443 0.242240
0 0.463443 0.846057 0.080189 0.254824
1 0.635613 0.831900 0.077830 0.220218
1 0.377948 0.825608 0.088443 0.264262
2 0.709906 0.813024 0.068396 0.257970
2 0.293632 0.809878 0.077830 0.295721
3 0.765330 0.811451 0.066038 0.254824
3 0.244693 0.798867 0.067217 0.273700
4 0.813090 0.792576 0.060142 0.254824
4 0.193396 0.778419 0.066038 0.270554
5 0.866745 0.756397 0.068396 0.270554
6 0.917453 0.696623 0.033019 0.213926
5 0.151533 0.735948 0.069575 0.254824
6 0.094929 0.652580 0.057783 0.239094
7 0.949882 0.639996 0.027123 0.169883
7 0.055425 0.570784 0.040094 0.157299