0 0.543042 0.310952 0.126179 0.353258
0 0.420401 0.306812 0.119104 0.361538
1 0.649764 0.299912 0.087264 0.320140
1 0.319575 0.299912 0.080189 0.325660
2 0.731722 0.270934 0.074292 0.356018
2 0.241745 0.297152 0.073113 0.331180
3 0.791274 0.308192 0.049528 0.264944
3 0.186321 0.319231 0.042453 0.242865
4 0.839623 0.280593 0.047170 0.253904
4 0.145637 0.295773 0.041274 0.240105
5 0.880896 0.226777 0.035377 0.223546
5 0.102594 0.241956 0.042453 0.242865
0 0.528892 0.740105 0.076651 0.295302
0 0.449292 0.735965 0.077830 0.298062
1 0.604953 0.724926 0.077830 0.270463
1 0.369104 0.723546 0.077830 0.289782
2 0.681014 0.700088 0.071934 0.231826
2 0.293042 0.683529 0.071934 0.253904
3 0.739976 0.653171 0.064858 0.209747
3 0.229363 0.653171 0.053066 0.209747
4 0.779481 0.592454 0.066038 0.176629
4 0.198703 0.611773 0.064858 0.187668
5 0.830189 0.526218 0.042453 0.126952
5 0.142099 0.535878 0.045991 0.151791