0 0.514741 0.442913 0.128538 0.399607
0 0.386792 0.432839 0.122642 0.419755
1 0.624410 0.405975 0.093160 0.366027
1 0.277712 0.397580 0.090802 0.402965
2 0.709906 0.390864 0.070755 0.329088
2 0.194575 0.397580 0.068396 0.409681
3 0.771816 0.358962 0.053066 0.211557
3 0.140920 0.380790 0.036557 0.349236
5 0.839033 0.293480 0.071934 0.134322
4 0.089033 0.342172 0.060142 0.312298
0 0.451651 0.813977 0.082547 0.248495
0 0.534198 0.798866 0.080189 0.224989
1 0.613797 0.778717 0.074292 0.251853
1 0.363797 0.802224 0.093160 0.251853
2 0.691627 0.723310 0.079009 0.255211
2 0.274175 0.763606 0.076651 0.241779
3 0.741745 0.681334 0.054245 0.211557
3 0.202830 0.745137 0.063679 0.198124
4 0.789505 0.620889 0.043632 0.198124
4 0.147406 0.711557 0.042453 0.124248
5 0.829599 0.548692 0.041274 0.107457
5 0.111439 0.632643 0.041274 0.127606