0 0.528892 0.607345 0.213443 0.765076
0 0.301887 0.593683 0.235849 0.729945
1 0.718750 0.629969 0.163915 0.740062
1 0.102594 0.645583 0.158019 0.708834
2 0.867925 0.657293 0.132075 0.685414
3 0.945755 0.667848 0.070755 0.644069
4 0.983491 0.581972 0.033018 0.331793
0 0.492925 0.114355 0.125000 0.228710
0 0.363208 0.110452 0.129717 0.220903
1 0.626179 0.169003 0.139151 0.338006
1 0.218160 0.160400 0.160377 0.308373
2 0.762382 0.200231 0.130896 0.400462
2 0.086085 0.184617 0.125000 0.369234
3 0.882665 0.205289 0.104953 0.405959
4 0.951061 0.248227 0.053066 0.281048