0 0.578420 0.304324 0.163915 0.359555
0 0.418042 0.300655 0.154481 0.357109
1 0.709906 0.290871 0.096698 0.293514
1 0.290094 0.298209 0.099057 0.278839
2 0.802476 0.256628 0.093160 0.283731
2 0.198113 0.238283 0.084906 0.300852
3 0.872052 0.215046 0.064858 0.234812
3 0.130896 0.197925 0.058962 0.225028
4 0.910377 0.174688 0.044811 0.198122
4 0.097877 0.149006 0.028302 0.166325
5 0.941627 0.137999 0.045991 0.188338
5 0.068396 0.123323 0.044811 0.178555
7 0.977594 0.080519 0.033019 0.132082
7 0.031840 0.064620 0.028302 0.085608
0 0.522995 0.826535 0.093160 0.254379
0 0.428066 0.833873 0.091981 0.264163
1 0.616156 0.825312 0.090802 0.251933
1 0.337854 0.821643 0.090802 0.254379
2 0.706958 0.813082 0.093160 0.286177
2 0.250000 0.806967 0.084906 0.293514
3 0.788915 0.748264 0.082547 0.278839
3 0.178066 0.714021 0.087264 0.249487
4 0.839623 0.645534 0.075472 0.205460
4 0.139151 0.617406 0.070755 0.188338
5 0.892099 0.574602 0.083726 0.210352
5 0.096108 0.517122 0.079009 0.198122
6 0.933962 0.464534 0.082547 0.181001
6 0.071934 0.411946 0.070755 0.154095
7 0.948703 0.370364 0.064858 0.134527
7 0.064269 0.307993 0.055425 0.112514