0 0.617925 0.317291 0.235849 0.580852
0 0.383255 0.315927 0.226415 0.589033
1 0.821344 0.280476 0.168632 0.550855
1 0.197524 0.306383 0.140330 0.493588
2 0.945755 0.273659 0.108490 0.504496
2 0.063090 0.239774 0.126179 0.479547
0 0.572524 0.872033 0.149764 0.255933
0 0.433962 0.872033 0.122642 0.255933
1 0.730542 0.847490 0.163915 0.305019
1 0.304245 0.842239 0.136792 0.310879
2 0.880896 0.828401 0.139151 0.343197
2 0.168632 0.821787 0.134434 0.346330
3 0.968160 0.835422 0.063679 0.313606
3 0.082547 0.805425 0.089623 0.368146
4 0.041863 0.750884 0.083726 0.373600