0 0.442807 0.602059 0.196934 0.398786
0 0.235259 0.608674 0.215802 0.389336
1 0.603774 0.584104 0.122642 0.279717
1 0.063679 0.619069 0.127358 0.281607
2 0.730542 0.602059 0.128538 0.319407
3 0.837854 0.575599 0.097877 0.277827
4 0.905660 0.575599 0.066038 0.236247
5 0.958726 0.603004 0.058962 0.219238
0 0.390920 0.326122 0.114387 0.232467
0 0.270047 0.323287 0.115566 0.226798
1 0.518278 0.311947 0.133255 0.279717
1 0.139741 0.349747 0.130896 0.291057
2 0.630896 0.336517 0.115566 0.298617
2 0.036557 0.337462 0.073113 0.274047
3 0.750000 0.345967 0.125000 0.226798
4 0.831368 0.357307 0.073113 0.158758
5 0.912146 0.402666 0.090802 0.173878