0 0.518278 0.402980 0.140330 0.515087
0 0.384434 0.408272 0.127358 0.532726
1 0.631486 0.381812 0.095519 0.458639
1 0.285967 0.397688 0.083726 0.455111
2 0.725825 0.341240 0.093160 0.497447
2 0.207547 0.348296 0.070755 0.497447
3 0.801887 0.339476 0.056604 0.395135
3 0.152123 0.339476 0.054245 0.359855
4 0.853184 0.304197 0.043632 0.352799
4 0.107901 0.309489 0.034198 0.313991
5 0.903302 0.221289 0.051887 0.342215
5 0.068396 0.237165 0.042453 0.338687
7 0.949292 0.126033 0.030660 0.236375
6 0.037146 0.141909 0.017689 0.218735
0 0.494693 0.734611 0.076651 0.423359
0 0.412736 0.724027 0.070755 0.437471
1 0.579009 0.724027 0.084906 0.416303
1 0.333137 0.702859 0.071934 0.395135
2 0.666274 0.746959 0.084906 0.448055
2 0.260024 0.769891 0.074292 0.437471
3 0.746462 0.702859 0.075472 0.331631
3 0.191627 0.713443 0.062500 0.303407
4 0.809552 0.676400 0.053066 0.278711
4 0.143868 0.649940 0.054245 0.268127
5 0.880307 0.579380 0.079009 0.338687
5 0.086085 0.577616 0.061321 0.292823
6 0.948113 0.413564 0.066038 0.282239
6 0.052476 0.438260 0.034198 0.211679