0 0.528892 0.391196 0.142689 0.443808
0 0.386792 0.394059 0.141509 0.438081
1 0.653302 0.385469 0.101415 0.420901
1 0.265920 0.382606 0.097877 0.392269
2 0.743514 0.342520 0.081368 0.426628
2 0.184552 0.313887 0.069575 0.386542
3 0.816038 0.345383 0.061321 0.254832
3 0.131486 0.312455 0.041274 0.240515
4 0.861439 0.339657 0.060142 0.243378
4 0.099057 0.258053 0.021226 0.177523
6 0.926887 0.256622 0.061321 0.231925
5 0.078420 0.200788 0.024764 0.154617
0 0.504717 0.657480 0.080189 0.300644
0 0.417453 0.650322 0.080189 0.292054
1 0.590802 0.677523 0.089623 0.272011
1 0.327830 0.647459 0.080189 0.269148
2 0.687500 0.714746 0.096698 0.352183
2 0.245283 0.644595 0.082547 0.314960
3 0.763561 0.638869 0.074292 0.309234
3 0.173349 0.574445 0.061321 0.249105
4 0.836675 0.581603 0.071934 0.240515
4 0.137382 0.518611 0.048349 0.160343
5 0.903302 0.494273 0.061321 0.214746
5 0.099057 0.431281 0.047170 0.186113