0 0.566038 0.350353 0.141509 0.461769
0 0.425118 0.354628 0.140330 0.447517
1 0.675708 0.341801 0.101415 0.399059
1 0.306604 0.361754 0.094340 0.370555
2 0.773585 0.301896 0.094340 0.456068
2 0.221698 0.323274 0.094340 0.413312
3 0.847288 0.296195 0.069575 0.330649
3 0.145047 0.341801 0.056604 0.290743
4 0.899175 0.287643 0.053066 0.290743
4 0.099646 0.326124 0.055425 0.293594
5 0.939269 0.277667 0.045991 0.276491
5 0.058962 0.314722 0.051887 0.287893
6 0.975825 0.250588 0.024764 0.239436
6 0.018868 0.280517 0.028302 0.253688
0 0.537736 0.789318 0.084906 0.376256
0 0.453420 0.787893 0.083726 0.379106
1 0.620873 0.773641 0.081368 0.390508
1 0.370873 0.763664 0.081368 0.353453
2 0.711085 0.747987 0.101415 0.419012
2 0.284788 0.767940 0.090802 0.430414
3 0.783019 0.675301 0.075472 0.279342
3 0.214623 0.676726 0.080189 0.293594
4 0.837264 0.596914 0.061321 0.276491
4 0.160377 0.623993 0.056604 0.239436
5 0.899175 0.574111 0.062500 0.270790
5 0.108491 0.589788 0.073113 0.193829
6 0.936321 0.512827 0.033019 0.176726
6 0.053066 0.531355 0.035377 0.145372