0 0.567217 0.382172 0.141509 0.346386
0 0.420401 0.382172 0.142689 0.363421
1 0.683962 0.338164 0.094340 0.332190
1 0.306604 0.346682 0.084906 0.343547
2 0.769458 0.288477 0.079009 0.357743
2 0.227005 0.314031 0.074292 0.335029
3 0.830778 0.284219 0.050708 0.269727
3 0.169222 0.301254 0.053066 0.264048
4 0.873231 0.245889 0.038915 0.204424
6 0.919222 0.206140 0.048349 0.147640
5 0.112028 0.251568 0.049528 0.147640
0 0.551887 0.668934 0.084906 0.204424
0 0.468750 0.674613 0.083726 0.204424
1 0.637972 0.657577 0.089623 0.187389
1 0.381486 0.663256 0.086085 0.221460
2 0.715802 0.640542 0.063679 0.153318
2 0.294222 0.661836 0.086085 0.218621
3 0.777712 0.599373 0.067217 0.139122
3 0.225825 0.643381 0.069575 0.181711
4 0.812500 0.515616 0.061321 0.113569
4 0.198703 0.582338 0.067217 0.150479
5 0.156840 0.536910 0.054245 0.127765