0 0.481722 0.461978 0.142689 0.441776
0 0.342571 0.454736 0.133255 0.456261
1 0.606722 0.416714 0.107311 0.394702
1 0.222877 0.407662 0.103774 0.449018
2 0.706958 0.404040 0.093160 0.441776
2 0.136203 0.387745 0.097877 0.445397
3 0.789505 0.346103 0.071934 0.383838
3 0.065448 0.351534 0.093160 0.416428
4 0.853184 0.286354 0.057783 0.336764
4 0.022995 0.335239 0.045990 0.362112
5 0.908019 0.237469 0.061321 0.282447
0 0.494104 0.906613 0.080189 0.186773
0 0.409788 0.901182 0.086085 0.197636
1 0.582547 0.906613 0.096698 0.186773
1 0.321934 0.901182 0.089623 0.197636
2 0.675708 0.897561 0.087264 0.204878
2 0.231132 0.892129 0.091981 0.215742
3 0.755307 0.842196 0.076651 0.260720
3 0.173939 0.849438 0.076651 0.296932
4 0.808962 0.719078 0.091981 0.267963
4 0.122052 0.773394 0.079009 0.296932
5 0.866156 0.588717 0.062500 0.202783
5 0.058373 0.690109 0.050708 0.217267