0 0.725236 0.273735 0.179245 0.473790
0 0.540684 0.282846 0.189858 0.498087
1 0.869693 0.223425 0.140330 0.446850
1 0.375000 0.217351 0.143868 0.434702
2 0.969340 0.186980 0.061320 0.373960
2 0.250590 0.180906 0.107311 0.361811
3 0.166274 0.141423 0.058962 0.282846
4 0.125000 0.085237 0.040094 0.170473
0 0.675708 0.651856 0.136792 0.482901
0 0.544222 0.659448 0.123821 0.498087
1 0.806604 0.624522 0.122642 0.440381
1 0.422170 0.653374 0.117925 0.461641
2 0.922759 0.559224 0.112028 0.419122
2 0.303066 0.627559 0.120283 0.537569
3 0.215802 0.509111 0.082547 0.397862
4 0.153892 0.376997 0.071934 0.291563
6 0.100236 0.255512 0.049528 0.206524