0 0.599057 0.646326 0.188679 0.508816
0 0.419222 0.652977 0.189858 0.508816
1 0.752948 0.729466 0.119104 0.482211
1 0.259434 0.739443 0.125000 0.435653
2 0.861439 0.751083 0.097877 0.452281
2 0.135613 0.772699 0.120283 0.375792
3 0.939858 0.802629 0.075472 0.382444
3 0.037736 0.840623 0.075472 0.318754
4 0.983491 0.827320 0.033018 0.345360
0 0.595519 0.313767 0.113208 0.249420
0 0.479953 0.313767 0.115566 0.216164
1 0.704009 0.350348 0.101415 0.256071
1 0.361439 0.396907 0.121462 0.229466
2 0.806014 0.426837 0.100236 0.229466
2 0.239387 0.463418 0.120283 0.176257