0 0.572055 0.140234 0.116804 0.156928
0 0.448424 0.140234 0.127423 0.153589
1 0.672173 0.169449 0.080398 0.131886
1 0.352857 0.181135 0.094050 0.125209
2 0.732851 0.257095 0.110737 0.133556
2 0.280043 0.250417 0.112254 0.133556
3 0.771533 0.371452 0.151694 0.131886
3 0.231501 0.374791 0.145626 0.138564
4 0.822350 0.469950 0.147143 0.115192
4 0.190544 0.485810 0.145626 0.123539
5 0.863308 0.606845 0.171414 0.195326
5 0.152620 0.621870 0.172931 0.205342
6 0.905023 0.750417 0.178999 0.171953
6 0.126832 0.779633 0.188101 0.153589
7 0.915642 0.881469 0.157762 0.130217
7 0.117731 0.913189 0.151694 0.123539