0 0.553656 0.491099 0.142689 0.569638
0 0.409788 0.501780 0.145047 0.555398
1 0.676887 0.462617 0.099057 0.505554
1 0.285967 0.475078 0.100236 0.509114
2 0.766509 0.403874 0.077830 0.523355
2 0.196934 0.467958 0.075472 0.480632
3 0.831368 0.373611 0.051887 0.398747
3 0.136792 0.427015 0.047170 0.363145
4 0.872642 0.336229 0.033019 0.309741
4 0.100825 0.373611 0.024764 0.242096
0 0.540094 0.843563 0.082547 0.142410
0 0.452830 0.845343 0.084906 0.145970
1 0.369693 0.831102 0.079009 0.131729
1 0.624410 0.784819 0.083726 0.117488