0 0.583137 0.320485 0.163915 0.517732
0 0.418632 0.333493 0.165094 0.507325
1 0.724646 0.289265 0.119104 0.408462
1 0.275354 0.307477 0.119104 0.403259
2 0.832547 0.269752 0.091981 0.411064
2 0.162736 0.276257 0.099057 0.413665
3 0.888561 0.308777 0.041274 0.244557
3 0.101415 0.307477 0.051887 0.252362
4 0.918042 0.247638 0.024764 0.122278
4 0.067807 0.278858 0.022406 0.143092
0 0.536557 0.744557 0.110849 0.372039
0 0.426297 0.774476 0.107311 0.369437
1 0.653302 0.730248 0.117925 0.364234
1 0.326061 0.747158 0.095519 0.372039
2 0.765920 0.735451 0.097877 0.333014
2 0.228184 0.749760 0.097877 0.356429
3 0.840802 0.670409 0.058962 0.275777
3 0.146226 0.657401 0.066038 0.260167
4 0.872052 0.618376 0.045991 0.192523
4 0.104953 0.620978 0.058962 0.166507
5 0.907429 0.555936 0.043632 0.171710
5 0.066038 0.574148 0.054245 0.156100