0 0.662146 0.272105 0.208726 0.427303
0 0.465802 0.275990 0.181604 0.460969
1 0.843750 0.269515 0.159198 0.432482
1 0.303066 0.246208 0.143868 0.370329
2 0.961675 0.194414 0.076650 0.380688
2 0.190448 0.206067 0.081368 0.264151
3 0.126179 0.151683 0.044811 0.170921
4 0.087264 0.111543 0.033019 0.085461
0 0.634434 0.793933 0.127358 0.347022
0 0.509434 0.788753 0.122642 0.357381
1 0.751769 0.758972 0.119104 0.396226
1 0.393278 0.749908 0.128538 0.398816
2 0.865566 0.708472 0.106132 0.403996
2 0.282429 0.690344 0.090802 0.435072
3 0.949292 0.568627 0.101415 0.331484
3 0.202241 0.562153 0.090802 0.385868
4 0.131486 0.432667 0.053066 0.292638
5 0.074882 0.342027 0.062500 0.256382