0 0.645637 0.338133 0.149764 0.478310
0 0.497052 0.357090 0.147406 0.440395
1 0.778892 0.307509 0.114387 0.417063
1 0.358491 0.313342 0.125000 0.399564
2 0.895047 0.252095 0.117925 0.399564
2 0.237028 0.307509 0.115566 0.417063
3 0.969929 0.240429 0.060142 0.347067
3 0.155660 0.300218 0.066038 0.367482
4 0.107311 0.298760 0.044811 0.300402
5 0.080778 0.322092 0.027123 0.201240
2 0.306014 0.587496 0.114387 0.329567
2 0.826651 0.540831 0.099057 0.294569
3 0.906250 0.549581 0.083726 0.253738
3 0.214033 0.610828 0.069575 0.300402
4 0.958137 0.527707 0.038915 0.204157
4 0.158608 0.583121 0.057783 0.244988
5 0.111439 0.569997 0.055425 0.195407