0 0.546580 0.371125 0.142689 0.542032
0 0.403892 0.380601 0.142689 0.545822
1 0.665684 0.338907 0.090802 0.492756
1 0.286557 0.380601 0.087264 0.470013
2 0.752358 0.308583 0.077830 0.454852
2 0.201061 0.363544 0.081368 0.451061
3 0.821344 0.306688 0.060142 0.390414
3 0.144458 0.361649 0.053066 0.386624
4 0.866156 0.299107 0.043632 0.307025
4 0.108491 0.348383 0.042453 0.322187
5 0.910967 0.244146 0.045991 0.318396
5 0.071934 0.333221 0.030660 0.291863
7 0.952241 0.136119 0.034198 0.216055
6 0.041863 0.280155 0.027123 0.246378
0 0.517689 0.744483 0.087264 0.447271
0 0.422759 0.752064 0.088443 0.454852
1 0.607901 0.744483 0.090802 0.416947
1 0.332547 0.750168 0.089623 0.420738
2 0.699882 0.723635 0.097877 0.458642
2 0.245873 0.753959 0.081368 0.451061
3 0.774175 0.634560 0.079009 0.310815
3 0.181604 0.710369 0.070755 0.325977
4 0.835495 0.617503 0.053066 0.238797
4 0.131486 0.670569 0.060142 0.238797
5 0.898585 0.534114 0.070755 0.253959
5 0.087854 0.609923 0.057783 0.223635
6 0.949292 0.399554 0.040094 0.219845
6 0.058373 0.522743 0.038915 0.178150