0 0.610259 0.297365 0.170991 0.514186
0 0.435731 0.297365 0.178066 0.524318
1 0.748821 0.291033 0.110849 0.455928
1 0.284788 0.329027 0.121462 0.374874
2 0.841392 0.312563 0.074292 0.428066
2 0.180425 0.332826 0.082547 0.397671
3 0.880896 0.332826 0.040094 0.260892
3 0.128538 0.320162 0.058962 0.291288
4 0.905660 0.288500 0.018868 0.172240
4 0.089623 0.284701 0.051887 0.245695
5 0.051297 0.227709 0.027123 0.136778
0 0.570755 0.758359 0.091981 0.341946
0 0.472288 0.753294 0.095519 0.336880
1 0.669222 0.755826 0.095519 0.357144
1 0.371462 0.724165 0.101415 0.329282
2 0.747052 0.724165 0.081368 0.379940
2 0.280660 0.692503 0.089623 0.352078
3 0.805425 0.641844 0.068396 0.235563
3 0.204599 0.624114 0.086085 0.215299
4 0.844929 0.615249 0.029481 0.162108
4 0.147995 0.567123 0.041274 0.187437
5 0.109080 0.513931 0.036557 0.131713