0 0.603774 0.329330 0.141509 0.404550
0 0.458726 0.325538 0.143868 0.391908
1 0.714623 0.334387 0.106132 0.343868
1 0.335495 0.316688 0.121462 0.328697
2 0.791274 0.344501 0.080189 0.359039
2 0.241745 0.312895 0.091981 0.361567
3 0.852005 0.368521 0.041274 0.255373
3 0.174528 0.331859 0.044811 0.247787
4 0.891509 0.325538 0.037736 0.245259
4 0.131486 0.306574 0.041274 0.247787
5 0.927476 0.287611 0.036557 0.179519
5 0.082547 0.238306 0.051887 0.182048
0 0.561910 0.800884 0.100236 0.356510
0 0.459906 0.798356 0.099057 0.361567
1 0.653302 0.797092 0.084906 0.318584
1 0.357901 0.776864 0.093160 0.308470
2 0.741156 0.760429 0.093160 0.326169
2 0.262972 0.755373 0.096698 0.326169
3 0.809552 0.689633 0.079009 0.219974
3 0.188090 0.670670 0.093160 0.237673
4 0.876769 0.649178 0.076651 0.219974
4 0.115566 0.627686 0.091981 0.222503
5 0.919222 0.551833 0.055425 0.192161
5 0.067807 0.498736 0.081368 0.187105