0 0.619104 0.321442 0.146226 0.461275
0 0.470519 0.316978 0.146226 0.458299
1 0.733491 0.342274 0.099057 0.425564
1 0.362028 0.321442 0.096698 0.389852
2 0.802476 0.360129 0.064858 0.413660
2 0.280660 0.312514 0.070755 0.383900
3 0.842571 0.406257 0.053066 0.327357
3 0.231722 0.346738 0.053066 0.291645
4 0.871462 0.431553 0.044811 0.270813
4 0.191038 0.389889 0.061321 0.270813
5 0.901533 0.433041 0.038915 0.220222
5 0.144458 0.389889 0.050708 0.235102
6 0.107901 0.311026 0.020047 0.130943
0 0.570165 0.666654 0.090802 0.360092
0 0.481132 0.663678 0.084906 0.360092
1 0.656840 0.685998 0.080189 0.363068
1 0.389151 0.665166 0.094340 0.357116
2 0.721108 0.744029 0.074292 0.413660
2 0.301887 0.688974 0.080189 0.410684
3 0.781840 0.694926 0.058962 0.291645
3 0.239976 0.644335 0.062500 0.297597
4 0.819575 0.683022 0.047170 0.232126
4 0.193396 0.656238 0.056604 0.249981
5 0.867925 0.656238 0.047170 0.178558
5 0.133844 0.626479 0.060142 0.232126