0 0.524175 0.405303 0.142689 0.493024
0 0.379127 0.405303 0.145047 0.468974
1 0.652712 0.409813 0.114387 0.429893
1 0.257665 0.390272 0.095519 0.426887
2 0.741156 0.346682 0.093160 0.435906
2 0.182783 0.303091 0.080189 0.408849
3 0.813679 0.334657 0.070755 0.273568
3 0.131486 0.283550 0.043632 0.249518
4 0.864976 0.313613 0.067217 0.267556
4 0.102594 0.193363 0.030660 0.189393
6 0.924528 0.227935 0.042453 0.210437
5 0.075472 0.140754 0.023585 0.162337
7 0.949882 0.206891 0.024764 0.168350
0 0.501769 0.674362 0.079009 0.339706
0 0.412146 0.672859 0.076651 0.342712
1 0.590212 0.678872 0.081368 0.306637
1 0.323113 0.635281 0.080189 0.321668
2 0.683962 0.722462 0.103774 0.405843
2 0.241156 0.654822 0.079009 0.330687
3 0.770047 0.644300 0.068396 0.321668
3 0.168632 0.567641 0.063679 0.264550
4 0.834906 0.585678 0.066038 0.240500
4 0.132665 0.493988 0.041274 0.183381
5 0.909198 0.468434 0.063679 0.228475
6 0.093750 0.355700 0.038915 0.147306