0 0.493514 0.221640 0.192217 0.443280
0 0.285967 0.246849 0.182783 0.493698
1 0.654481 0.207578 0.127358 0.410903
1 0.138561 0.232984 0.109670 0.465968
2 0.759434 0.196431 0.108491 0.392862
2 0.046580 0.227942 0.093160 0.455884
3 0.834316 0.178785 0.067217 0.357570
4 0.886203 0.143296 0.036557 0.282338
5 0.921580 0.086576 0.034198 0.168899
0 0.439269 0.739483 0.104953 0.461321
0 0.332547 0.768474 0.108491 0.413424
1 0.548939 0.718056 0.114387 0.423508
1 0.222288 0.753348 0.109670 0.438633
2 0.662736 0.715535 0.113208 0.478967
2 0.110259 0.767016 0.114387 0.465968
3 0.756486 0.652513 0.109670 0.413424
3 0.033608 0.733181 0.067216 0.393257
4 0.815448 0.580668 0.104953 0.340319
5 0.879127 0.486135 0.081368 0.337798
6 0.927476 0.344966 0.053066 0.181503