0 0.626769 0.408176 0.147406 0.429605
0 0.464623 0.409816 0.160377 0.426325
1 0.760024 0.362264 0.112028 0.364016
1 0.325472 0.391779 0.113208 0.436164
2 0.878538 0.354066 0.125000 0.373854
2 0.220519 0.411456 0.091981 0.449281
3 0.962264 0.355705 0.075472 0.304987
3 0.149764 0.421294 0.066038 0.337781
4 0.097288 0.349146 0.034198 0.298428
0 0.610849 0.718082 0.099057 0.288589
0 0.505896 0.711523 0.096698 0.288589
1 0.716392 0.685288 0.104953 0.275472
1 0.404481 0.706604 0.101415 0.259075
2 0.821344 0.611500 0.093160 0.318104
2 0.301297 0.680368 0.102594 0.245957
3 0.904481 0.585265 0.075472 0.285310
3 0.212854 0.642655 0.071934 0.229560