0 0.643278 0.268030 0.227594 0.535980
0 0.402123 0.269451 0.219340 0.538902
1 0.822524 0.268010 0.130896 0.536020
1 0.220519 0.288201 0.143868 0.559033
2 0.936910 0.256504 0.100236 0.484111
2 0.096108 0.345834 0.100236 0.530217
3 0.033019 0.374650 0.066038 0.334267
0 0.604363 0.610942 0.128538 0.472585
0 0.478184 0.590771 0.123821 0.443769
1 0.739976 0.694509 0.140330 0.472585
1 0.344340 0.687305 0.141509 0.463940
2 0.865566 0.688746 0.108491 0.466822
2 0.213443 0.724766 0.120283 0.417834
3 0.955778 0.616705 0.069575 0.311214
3 0.109080 0.687305 0.086085 0.308333
6 0.043632 0.625350 0.044811 0.178660