0 0.564269 0.383499 0.123821 0.279603
0 0.433962 0.383499 0.129717 0.275550
1 0.662736 0.399708 0.075472 0.194506
1 0.328420 0.390590 0.074292 0.212741
2 0.731722 0.386538 0.062500 0.212741
2 0.257075 0.400721 0.068396 0.208689
3 0.787146 0.384512 0.048349 0.164115
3 0.197524 0.393629 0.048349 0.166141
4 0.826651 0.378434 0.044811 0.139801
4 0.148585 0.378434 0.049528 0.143853
6 0.865566 0.342977 0.033019 0.072940
6 0.099057 0.337912 0.033019 0.111436
0 0.535377 0.629671 0.070755 0.208689
0 0.462854 0.626632 0.074292 0.210715
1 0.612028 0.607384 0.080189 0.208689
1 0.387972 0.603331 0.077830 0.224898
2 0.695755 0.596240 0.087264 0.230976
2 0.304245 0.609410 0.089623 0.237054
3 0.774764 0.565848 0.073113 0.186402
3 0.216392 0.583070 0.083726 0.204637
4 0.844929 0.521274 0.071934 0.162088
4 0.158608 0.533431 0.060142 0.137775
6 0.108491 0.475687 0.035377 0.099279