0 0.731722 0.198830 0.211085 0.397659
0 0.532429 0.191891 0.204009 0.383782
1 0.905071 0.167607 0.135613 0.335214
1 0.360849 0.143323 0.136792 0.286646
2 0.230542 0.141588 0.123821 0.283176
3 0.142099 0.131181 0.086085 0.262362
4 0.076061 0.129446 0.076651 0.258892
5 0.026533 0.106897 0.053066 0.213793
0 0.656250 0.737638 0.109670 0.513438
0 0.548939 0.742194 0.104953 0.515611
1 0.772995 0.750867 0.123821 0.498265
1 0.438090 0.742194 0.119104 0.515611
2 0.893868 0.754336 0.120283 0.491327
2 0.320755 0.740460 0.113208 0.519080
3 0.976415 0.759540 0.047170 0.480920
3 0.216392 0.728966 0.093160 0.496092
4 0.142689 0.690805 0.077830 0.482215
5 0.066627 0.649175 0.074292 0.503030
6 0.028892 0.529488 0.057783 0.402424