0 0.590212 0.387207 0.142689 0.445462
0 0.445755 0.384351 0.146226 0.451173
1 0.707547 0.367218 0.094340 0.394063
1 0.318986 0.385779 0.104953 0.396918
2 0.790094 0.368646 0.070755 0.368363
2 0.222288 0.354368 0.086085 0.391207
3 0.853774 0.344374 0.056604 0.325530
3 0.149764 0.344374 0.054245 0.348374
4 0.896226 0.318674 0.023585 0.239864
4 0.100825 0.334379 0.041274 0.316964
6 0.923349 0.221586 0.025943 0.114221
6 0.054835 0.272986 0.034198 0.125643
0 0.502948 0.724159 0.107311 0.302686
0 0.397406 0.708454 0.103774 0.282697
1 0.614976 0.708454 0.116745 0.265564
1 0.295991 0.682754 0.096698 0.259853
2 0.727005 0.662765 0.102594 0.271275
2 0.211085 0.618504 0.073113 0.154199