0 0.564858 0.337713 0.150943 0.497478
0 0.413325 0.336196 0.152123 0.500512
1 0.682193 0.342263 0.107311 0.458044
1 0.286557 0.330129 0.101415 0.458044
2 0.786557 0.325579 0.096698 0.533879
2 0.191627 0.316479 0.100236 0.515679
3 0.850825 0.366530 0.064858 0.451977
3 0.134434 0.355913 0.061321 0.436810
4 0.903892 0.386247 0.067217 0.412543
4 0.085495 0.365013 0.057783 0.412543
5 0.956958 0.383214 0.064858 0.382209
5 0.040094 0.369564 0.061321 0.379176
0 0.534198 0.665321 0.096698 0.442877
0 0.440448 0.660770 0.093160 0.427710
1 0.631486 0.701721 0.097877 0.388276
1 0.343160 0.697171 0.101415 0.373109
2 0.726415 0.753289 0.110849 0.473211
2 0.252948 0.735089 0.100236 0.430743
3 0.810142 0.744189 0.080189 0.400409
3 0.173349 0.727505 0.061321 0.367042
4 0.866156 0.757839 0.053066 0.330641
4 0.123821 0.715372 0.056604 0.294240
5 0.927476 0.741156 0.069575 0.297274
5 0.060731 0.716888 0.067217 0.273006
6 0.977594 0.698688 0.033019 0.254806
7 0.016509 0.660770 0.033018 0.203238