0 0.580189 0.266102 0.214623 0.490678
0 0.365566 0.266102 0.212264 0.516102
1 0.748231 0.233051 0.119104 0.444915
1 0.193396 0.253178 0.129717 0.506356
2 0.857311 0.216525 0.129717 0.432203
2 0.063679 0.226483 0.127358 0.452966
3 0.938090 0.219068 0.100236 0.411864
0 0.525943 0.730085 0.132075 0.432203
0 0.396226 0.744068 0.129717 0.439831
1 0.635024 0.700847 0.130896 0.434746
1 0.265920 0.754449 0.128538 0.491102
2 0.727594 0.681780 0.110849 0.452542
2 0.127948 0.732839 0.145047 0.534322
3 0.826651 0.642373 0.120283 0.394068
3 0.049528 0.643644 0.099056 0.432203
4 0.919811 0.571186 0.125000 0.277119