0 0.570165 0.419807 0.121462 0.366597
0 0.443396 0.419807 0.122642 0.373144
1 0.679245 0.387075 0.094340 0.346958
1 0.330189 0.398531 0.094340 0.297860
2 0.766509 0.405077 0.080189 0.324046
2 0.238208 0.390348 0.087264 0.294587
3 0.822524 0.409987 0.053066 0.248762
3 0.172759 0.375619 0.048349 0.278221
4 0.861439 0.369072 0.027123 0.212757
4 0.130896 0.313428 0.035377 0.265128
5 0.876769 0.346160 0.020047 0.108015
5 0.098467 0.303609 0.027123 0.134201
0 0.533608 0.668569 0.076651 0.229123
0 0.452830 0.693118 0.082547 0.206211
1 0.614387 0.650567 0.087264 0.206211
1 0.367335 0.655477 0.086085 0.202938
2 0.699882 0.627654 0.079009 0.180025
2 0.283608 0.601469 0.071934 0.238943
3 0.212854 0.568737 0.057783 0.199665