0 0.542453 0.263963 0.242925 0.527926
0 0.296580 0.259309 0.246462 0.515957
1 0.752358 0.241356 0.174528 0.482712
1 0.086675 0.246676 0.173349 0.493351
2 0.905071 0.248005 0.130896 0.496010
3 0.971698 0.276596 0.056604 0.444149
0 0.484670 0.811835 0.158019 0.376330
0 0.324292 0.805186 0.160377 0.389628
1 0.640920 0.799867 0.154481 0.400266
1 0.184552 0.789894 0.154481 0.417553
2 0.772406 0.779920 0.139151 0.440160
2 0.062500 0.753324 0.125000 0.493351
3 0.892099 0.763298 0.123821 0.470745
4 0.955189 0.750000 0.089622 0.465426