0 0.601415 0.521171 0.231132 0.819601
0 0.369693 0.492439 0.222877 0.768187
1 0.781840 0.484878 0.160377 0.601847
1 0.186910 0.513610 0.166274 0.616969
2 0.920401 0.585929 0.159198 0.828142
2 0.056014 0.602828 0.112028 0.789357
0 0.598467 0.075343 0.126179 0.150686
0 0.474057 0.069295 0.108491 0.138589
1 0.722288 0.100785 0.121462 0.196583
1 0.339623 0.078368 0.122642 0.156735
2 0.839033 0.115907 0.112028 0.226827
2 0.196344 0.119197 0.142689 0.238393
3 0.944575 0.087175 0.101415 0.163315
3 0.066038 0.144904 0.113208 0.289807