0 0.613797 0.271065 0.168632 0.442387
0 0.442217 0.281018 0.169811 0.426904
1 0.754127 0.281018 0.114387 0.342850
1 0.297170 0.308667 0.115566 0.322943
2 0.854953 0.260005 0.080189 0.336214
2 0.194575 0.272170 0.091981 0.347274
3 0.905660 0.253369 0.047170 0.238889
3 0.139741 0.269959 0.053066 0.241101
4 0.109670 0.236780 0.028302 0.170319
0 0.573703 0.862758 0.107311 0.258797
0 0.469929 0.863362 0.104953 0.273276
1 0.673939 0.826261 0.095519 0.265432
1 0.366745 0.862758 0.101415 0.272068
2 0.759434 0.800823 0.075472 0.307459
2 0.278892 0.809671 0.081368 0.303035
3 0.829009 0.727830 0.068396 0.249949
3 0.197524 0.739995 0.076651 0.274280
4 0.864976 0.633822 0.057783 0.185803
4 0.150943 0.650412 0.056604 0.165895
5 0.870283 0.519907 0.070755 0.148200
5 0.138561 0.571888 0.076651 0.176955
6 0.135613 0.482305 0.082547 0.152624