0 0.603184 0.700074 0.196934 0.599852
0 0.431604 0.775957 0.169811 0.446614
1 0.760024 0.697890 0.114387 0.464769
1 0.284788 0.754539 0.121462 0.490922
2 0.873231 0.730937 0.112028 0.538126
2 0.173349 0.761801 0.096698 0.476398
3 0.948113 0.748724 0.082547 0.363101
3 0.108491 0.797743 0.066038 0.373994
4 0.059552 0.854023 0.031840 0.246909
0 0.569575 0.303925 0.127358 0.366732
0 0.449292 0.345682 0.108491 0.413935
1 0.701061 0.327527 0.133255 0.334053
1 0.341392 0.351129 0.135613 0.381256
2 0.803656 0.331158 0.090802 0.225123
2 0.242925 0.400147 0.082547 0.341315
3 0.897995 0.432826 0.097877 0.297743
3 0.162146 0.434642 0.100236 0.410304
4 0.971698 0.474583 0.047170 0.301374
4 0.094340 0.476398 0.033019 0.275957
5 0.054245 0.674288 0.051887 0.206968