0 0.554245 0.375616 0.127358 0.399804
0 0.425708 0.371174 0.129717 0.390920
1 0.657429 0.365251 0.079009 0.337613
1 0.317807 0.354886 0.086085 0.352420
2 0.734080 0.316386 0.074292 0.358343
2 0.238208 0.323790 0.068396 0.355382
3 0.795991 0.283809 0.044811 0.257652
3 0.176887 0.298617 0.051887 0.316882
4 0.833137 0.267521 0.031840 0.225075
4 0.135613 0.258637 0.030660 0.219152
5 0.863797 0.202368 0.027123 0.171768
5 0.100825 0.206810 0.031840 0.222114
0 0.547759 0.773940 0.079009 0.343536
0 0.469929 0.772459 0.076651 0.334651
1 0.623231 0.766536 0.071934 0.358343
1 0.392689 0.770979 0.075472 0.349459
2 0.696344 0.750248 0.071934 0.414612
2 0.311321 0.768017 0.080189 0.402766
3 0.764741 0.664364 0.064858 0.290228
3 0.242925 0.695460 0.061321 0.328728
4 0.807783 0.600691 0.049528 0.228037
4 0.190448 0.622903 0.053066 0.266536
5 0.846698 0.507404 0.070755 0.201383
5 0.132665 0.534057 0.064858 0.230998
7 0.886203 0.328232 0.053066 0.139191
7 0.091392 0.387462 0.060142 0.115499