0 0.601415 0.528623 0.205189 0.448435
0 0.393868 0.525443 0.207547 0.435713
1 0.774175 0.488869 0.140330 0.438894
1 0.224057 0.463426 0.127358 0.343482
2 0.908019 0.469786 0.127358 0.394368
2 0.094340 0.447524 0.127358 0.324400
0 0.584906 0.779874 0.132075 0.403909
0 0.449292 0.775104 0.134434 0.419811
1 0.716981 0.749661 0.127358 0.413451
1 0.317217 0.733759 0.122642 0.413451
2 0.839033 0.740119 0.114387 0.419811
2 0.197524 0.713086 0.116745 0.397549
3 0.937500 0.736939 0.120283 0.407090
3 0.089033 0.697184 0.130896 0.410270