0 0.596362 0.317195 0.166057 0.297162
0 0.428486 0.315526 0.169694 0.300501
1 0.732723 0.302170 0.104240 0.243740
1 0.289095 0.308013 0.109089 0.242070
2 0.836357 0.270451 0.100604 0.237062
2 0.184249 0.296327 0.098180 0.238731
3 0.904840 0.293823 0.063029 0.193656
3 0.115159 0.323038 0.061817 0.185309
4 0.964233 0.289649 0.058181 0.171953
4 0.075160 0.336394 0.052120 0.158598
5 0.033949 0.312187 0.027878 0.150250
0 0.538787 0.727045 0.106665 0.248748
0 0.430304 0.722871 0.110301 0.243740
1 0.647876 0.717863 0.109089 0.230384
1 0.323034 0.715359 0.101816 0.232053
2 0.757571 0.721202 0.107877 0.260434
2 0.230308 0.716194 0.083635 0.247078
3 0.841811 0.693656 0.096968 0.202003
3 0.156977 0.697830 0.075150 0.176962
4 0.913325 0.642738 0.099392 0.193656
4 0.118190 0.677796 0.087271 0.163606
5 0.960905 0.580968 0.078190 0.153589
5 0.061827 0.606010 0.088483 0.190317