0 0.584906 0.482081 0.172170 0.433035
0 0.415684 0.482081 0.161557 0.444981
1 0.731132 0.443257 0.125000 0.391225
1 0.268278 0.441764 0.128538 0.370320
2 0.844929 0.380542 0.102594 0.409143
2 0.149175 0.420859 0.109670 0.364347
3 0.929245 0.337239 0.075472 0.316563
3 0.073703 0.390995 0.081368 0.328509
4 0.977005 0.281989 0.043632 0.259821
4 0.021226 0.328279 0.037736 0.244889
0 0.564269 0.755341 0.109670 0.340455
0 0.455778 0.789570 0.107311 0.420859
1 0.676887 0.720997 0.108491 0.361360
1 0.345519 0.716517 0.110849 0.346428
2 0.784788 0.698599 0.107311 0.370320
2 0.232311 0.712038 0.115566 0.409143
3 0.877358 0.617965 0.080189 0.322536
3 0.135024 0.659775 0.076651 0.286699
4 0.941627 0.567195 0.053066 0.238916
4 0.072524 0.592580 0.045991 0.182173
6 0.984670 0.486561 0.030660 0.161268
6 0.021816 0.505973 0.043632 0.122444