0 0.581368 0.435100 0.155660 0.504447
0 0.428066 0.435100 0.150943 0.492647
1 0.712854 0.424775 0.104953 0.460198
1 0.298939 0.417400 0.107311 0.457248
2 0.808962 0.392326 0.089623 0.442498
2 0.200472 0.393801 0.089623 0.457248
3 0.865566 0.364301 0.063679 0.333348
3 0.134434 0.362826 0.061321 0.324498
4 0.903892 0.337751 0.057783 0.268449
4 0.091981 0.325951 0.042453 0.268449
5 0.941038 0.258101 0.037736 0.209449
5 0.049528 0.224176 0.042453 0.200599
0 0.561321 0.676999 0.077830 0.309748
0 0.463443 0.678474 0.082547 0.318598
1 0.649764 0.659299 0.075472 0.309748
1 0.367925 0.668149 0.075472 0.339248
2 0.736439 0.643074 0.067217 0.306798
2 0.274175 0.647499 0.067217 0.321548
3 0.804835 0.622424 0.064858 0.300898
3 0.199882 0.631274 0.079009 0.294999
4 0.854363 0.592925 0.034198 0.194699
4 0.142689 0.589975 0.033019 0.194699
6 0.900354 0.530975 0.048349 0.117999
6 0.093750 0.508850 0.045991 0.150449