0 0.540094 0.392006 0.165094 0.403978
0 0.369104 0.384006 0.169811 0.411977
1 0.682783 0.380007 0.122642 0.387979
1 0.215212 0.490001 0.135613 0.255986
2 0.785967 0.380007 0.100236 0.515972
2 0.132665 0.488001 0.076651 0.363980
3 0.845519 0.340009 0.056604 0.331982
3 0.074882 0.502000 0.045991 0.303983
4 0.887972 0.354008 0.061321 0.327982
4 0.042453 0.508000 0.037736 0.283984
5 0.942217 0.428004 0.063679 0.251986
5 0.010024 0.581995 0.020047 0.191989
0 0.517099 0.148019 0.088443 0.259986
0 0.421580 0.144020 0.102594 0.251986
1 0.606722 0.122021 0.088443 0.231987
1 0.318396 0.212016 0.099057 0.331982
2 0.693396 0.134020 0.084906 0.223988
2 0.225236 0.218016 0.087264 0.303983
3 0.781250 0.120021 0.076651 0.147992
3 0.140920 0.242014 0.064858 0.215988
4 0.086085 0.282012 0.040094 0.183990
5 0.035967 0.342009 0.055425 0.239987