0 0.844929 0.162262 0.211085 0.324523
0 0.632075 0.162262 0.212264 0.324523
1 0.975825 0.137719 0.048349 0.275438
1 0.455778 0.147536 0.137972 0.295072
2 0.320755 0.149990 0.132075 0.299980
3 0.220519 0.161034 0.103774 0.322068
4 0.132665 0.146309 0.093160 0.292618
5 0.043632 0.119313 0.084906 0.238625
0 0.775943 0.870870 0.127358 0.258259
0 0.643278 0.877950 0.140330 0.242968
1 0.909788 0.860771 0.137972 0.277327
1 0.504717 0.864452 0.136792 0.225788
2 0.379717 0.816595 0.136792 0.267510
3 0.271226 0.788371 0.110849 0.250331
4 0.177476 0.761375 0.097877 0.196338
5 0.093750 0.696338 0.069575 0.144799
6 0.047170 0.627620 0.063679 0.115348
7 0.026533 0.551539 0.048349 0.100623
2 0.976415 0.829149 0.047170 0.341702