0 0.600825 0.448681 0.147406 0.410555
0 0.449882 0.451613 0.152123 0.398825
1 0.721698 0.428153 0.101415 0.340174
1 0.315448 0.453079 0.112028 0.360702
2 0.808373 0.434018 0.071934 0.357770
2 0.218160 0.486804 0.075472 0.346040
3 0.856132 0.476540 0.051887 0.231671
3 0.159788 0.497067 0.067217 0.219940
4 0.886792 0.494135 0.037736 0.202345
4 0.130307 0.539589 0.050708 0.205278
5 0.917453 0.478006 0.037736 0.193548
5 0.085495 0.535190 0.050708 0.190615
0 0.570755 0.809383 0.094340 0.299119
0 0.473467 0.809383 0.097877 0.293254
1 0.663915 0.794720 0.091981 0.316714
1 0.375000 0.813782 0.099057 0.313782
2 0.744104 0.762462 0.068396 0.258063
2 0.285377 0.799119 0.080189 0.266861
3 0.799528 0.739002 0.061321 0.193548
3 0.212264 0.766861 0.068396 0.219940
4 0.842571 0.708210 0.043632 0.143694
4 0.169811 0.736069 0.056604 0.181817
6 0.881486 0.675952 0.036557 0.126099
5 0.119693 0.731671 0.060142 0.114369