0 0.564269 0.360254 0.147406 0.355494
0 0.418632 0.372512 0.139151 0.355494
1 0.689858 0.346770 0.099057 0.299105
1 0.298939 0.363932 0.097877 0.284395
2 0.780660 0.332060 0.080189 0.289299
2 0.211085 0.324705 0.073113 0.304009
3 0.850236 0.290381 0.054245 0.254975
3 0.150943 0.264638 0.047170 0.286847
4 0.886792 0.238896 0.037736 0.259878
4 0.117335 0.224186 0.057783 0.304009
5 0.068986 0.232767 0.053066 0.272137
6 0.024764 0.226637 0.030660 0.166714
0 0.533019 0.663037 0.089623 0.294202
0 0.448113 0.666714 0.082547 0.281944
1 0.627948 0.642198 0.100236 0.277040
1 0.359080 0.647101 0.090802 0.281944
2 0.724057 0.623810 0.099057 0.333429
2 0.270047 0.648327 0.082547 0.323622
3 0.810142 0.577228 0.068396 0.259878
3 0.193396 0.585809 0.066038 0.252523
4 0.862028 0.511033 0.044811 0.186328
4 0.140920 0.507355 0.055425 0.218200
5 0.910377 0.453418 0.056604 0.247620
5 0.089623 0.484064 0.047170 0.186328