0 0.576061 0.412149 0.147406 0.498357
0 0.430425 0.412149 0.146226 0.498357
1 0.693396 0.397773 0.115566 0.456827
1 0.307193 0.386592 0.102594 0.447243
2 0.776533 0.380203 0.090802 0.383351
2 0.218750 0.309922 0.083726 0.472800
3 0.849057 0.316311 0.073113 0.255568
3 0.155660 0.265197 0.047170 0.351405
4 0.116745 0.202903 0.030660 0.271541
6 0.064858 0.170957 0.037736 0.150146
0 0.531840 0.728414 0.087264 0.287514
0 0.446934 0.736400 0.080189 0.303487
1 0.617335 0.715635 0.081368 0.249178
1 0.363208 0.722024 0.084906 0.274735
2 0.708137 0.693273 0.090802 0.166119
2 0.281250 0.659730 0.083726 0.239595
3 0.785967 0.648549 0.067217 0.153341
3 0.212264 0.615005 0.056604 0.162924
4 0.844340 0.543127 0.047170 0.185286
7 0.921580 0.353049 0.041274 0.143757