0 0.498821 0.354384 0.162736 0.309765
0 0.343750 0.339822 0.147406 0.328298
1 0.636203 0.323937 0.112028 0.285937
1 0.224057 0.314670 0.087264 0.320356
2 0.740566 0.309375 0.094340 0.240929
2 0.146226 0.300109 0.066038 0.264757
3 0.817217 0.290842 0.063679 0.203863
3 0.090212 0.276281 0.048349 0.174739
4 0.865566 0.288195 0.054245 0.177387
5 0.891509 0.289518 0.028302 0.116493
0 0.526533 0.736957 0.095519 0.328298
0 0.433962 0.734310 0.087264 0.328298
1 0.619104 0.719748 0.091981 0.341536
1 0.338443 0.729014 0.101415 0.323003
2 0.708726 0.707834 0.091981 0.349479
2 0.244693 0.698567 0.086085 0.277994
3 0.793632 0.672092 0.080189 0.288585
3 0.173939 0.668120 0.076651 0.259461
4 0.844929 0.620464 0.064858 0.174739
4 0.124410 0.582075 0.062500 0.187977
6 0.898585 0.492057 0.051887 0.119140
7 0.922759 0.403364 0.043632 0.116493
6 0.086675 0.456315 0.060142 0.153559