0 0.452241 0.300825 0.168632 0.461723
0 0.287736 0.300825 0.160377 0.437580
1 0.593750 0.299317 0.114387 0.410420
1 0.160967 0.266121 0.088443 0.374207
2 0.707547 0.248014 0.115566 0.404385
2 0.083137 0.249523 0.062500 0.334975
3 0.791274 0.220854 0.068396 0.404385
3 0.028302 0.202747 0.044811 0.307815
4 0.852594 0.166256 0.054245 0.332512
5 0.901533 0.089302 0.043632 0.178604
0 0.410377 0.675032 0.094340 0.232370
0 0.314269 0.668997 0.093160 0.232370
1 0.510024 0.670505 0.104953 0.229352
1 0.211675 0.602605 0.093160 0.214264
2 0.617335 0.632783 0.107311 0.238406
2 0.132075 0.533196 0.066038 0.165979
3 0.706958 0.563374 0.074292 0.159943
3 0.074882 0.493964 0.045991 0.117694
4 0.767099 0.483402 0.053066 0.132783