0 0.589033 0.457905 0.178066 0.422737
0 0.402123 0.467757 0.191038 0.428111
1 0.750000 0.414915 0.141509 0.354669
1 0.231132 0.440888 0.150943 0.406616
2 0.874410 0.396107 0.102594 0.324218
2 0.108491 0.432828 0.122642 0.401242
3 0.961675 0.379090 0.076650 0.279436
3 0.035377 0.421185 0.070754 0.367208
0 0.448703 0.805410 0.121462 0.300931
0 0.568396 0.804514 0.120283 0.302723
1 0.687500 0.750776 0.117925 0.302723
1 0.321344 0.807201 0.130896 0.293766
2 0.793042 0.683604 0.097877 0.293766
2 0.194575 0.784810 0.139151 0.313470
3 0.889151 0.643301 0.089623 0.259733
3 0.096698 0.776749 0.089623 0.272271
4 0.968160 0.623597 0.063679 0.205995
4 0.039505 0.702412 0.062500 0.166587