0 0.481722 0.442004 0.140330 0.478464
0 0.341981 0.442004 0.136792 0.455266
1 0.599057 0.427505 0.094340 0.391471
1 0.219340 0.405757 0.106132 0.429168
2 0.686910 0.398508 0.081368 0.368273
2 0.133844 0.353561 0.081368 0.411769
3 0.755307 0.357911 0.074292 0.298678
3 0.070755 0.317314 0.056604 0.316076
4 0.805425 0.341962 0.049528 0.220384
4 0.027123 0.278167 0.044811 0.249381
5 0.850825 0.295565 0.043632 0.173987
0 0.438679 0.937761 0.087264 0.124478
0 0.351415 0.926162 0.084906 0.147676
1 0.523585 0.926162 0.084906 0.147676
1 0.265330 0.900064 0.082547 0.199872
2 0.609670 0.904413 0.082547 0.191173
2 0.184552 0.846524 0.079009 0.220384
3 0.669222 0.834925 0.057783 0.208784
3 0.136203 0.733433 0.053066 0.173987
4 0.714033 0.730533 0.062500 0.226183
4 0.097288 0.644989 0.060142 0.159488
5 0.762382 0.604392 0.048349 0.147889