0 0.579599 0.285297 0.163915 0.419571
0 0.421580 0.285297 0.166274 0.419571
1 0.717571 0.249240 0.112028 0.380237
1 0.283608 0.241046 0.102594 0.350736
2 0.813090 0.252518 0.081368 0.327790
2 0.191627 0.231212 0.074292 0.324512
3 0.872052 0.237768 0.057783 0.265510
3 0.126179 0.182043 0.058962 0.199952
4 0.918042 0.193516 0.031840 0.137672
0 0.555425 0.770427 0.103774 0.439239
0 0.452830 0.772066 0.099057 0.429405
1 0.655071 0.749121 0.093160 0.468740
1 0.354363 0.758954 0.093160 0.455628
2 0.749410 0.734370 0.095519 0.452350
2 0.266509 0.737648 0.080189 0.472018
3 0.817807 0.658978 0.088443 0.373681
3 0.197524 0.626199 0.083726 0.340902
4 0.879717 0.596698 0.070755 0.314679
4 0.137382 0.531140 0.074292 0.308123
5 0.942807 0.442637 0.057783 0.255676
5 0.089033 0.459026 0.067217 0.222897