0 0.592571 0.681467 0.128538 0.372321
0 0.459906 0.670517 0.136792 0.356677
1 0.708137 0.726834 0.102594 0.387965
1 0.344340 0.698676 0.094340 0.369192
2 0.792453 0.747171 0.089623 0.428639
2 0.252948 0.737785 0.088443 0.397351
3 0.850825 0.714319 0.067217 0.331647
3 0.185731 0.708062 0.069575 0.300360
4 0.897995 0.725270 0.053066 0.309746
4 0.136792 0.722141 0.066038 0.284716
5 0.943986 0.764379 0.055425 0.294102
5 0.083726 0.747171 0.063679 0.272201
0 0.553066 0.251264 0.068396 0.244042
0 0.481722 0.252829 0.074292 0.259686
1 0.628538 0.251264 0.082547 0.256557
1 0.405071 0.268473 0.076651 0.234656
2 0.708726 0.254393 0.082547 0.281587
2 0.326651 0.293503 0.082547 0.240914
3 0.778892 0.248136 0.076651 0.281587
3 0.255896 0.304453 0.080189 0.244042
4 0.831368 0.276294 0.070755 0.231527
4 0.196344 0.326354 0.067217 0.212755
5 0.887972 0.320097 0.068396 0.206497
5 0.139741 0.379543 0.076651 0.168952