0 0.497642 0.279937 0.158019 0.488208
0 0.325472 0.237404 0.160377 0.469715
1 0.632075 0.265143 0.113208 0.466016
1 0.218750 0.246650 0.069575 0.355060
2 0.728774 0.234281 0.084906 0.468562
2 0.167453 0.257745 0.051887 0.295883
3 0.784788 0.237404 0.071934 0.373553
3 0.103184 0.220760 0.067217 0.429031
4 0.829009 0.239253 0.056604 0.340266
4 0.047170 0.241102 0.044811 0.351361
5 0.881486 0.181925 0.050708 0.262596
5 0.011792 0.241102 0.023584 0.329170
6 0.926297 0.156036 0.038915 0.233008
0 0.423939 0.616504 0.102594 0.310678
0 0.312500 0.622052 0.120283 0.351361
1 0.527712 0.612806 0.100236 0.325472
1 0.200472 0.609107 0.103774 0.406840
2 0.625590 0.629449 0.090802 0.395744
2 0.099646 0.622052 0.095519 0.388347
3 0.704009 0.649791 0.091981 0.488208
3 0.025943 0.570272 0.051886 0.321773
4 0.781840 0.623901 0.061321 0.377251
5 0.833137 0.562875 0.041274 0.299582
6 0.876769 0.496301 0.038915 0.247802