0 0.554245 0.483547 0.129717 0.371844
0 0.419222 0.472029 0.135613 0.368553
1 0.668042 0.458867 0.100236 0.348810
1 0.303656 0.452285 0.090802 0.361972
2 0.761792 0.440768 0.087264 0.365263
2 0.214033 0.444059 0.081368 0.345519
3 0.821934 0.402926 0.054245 0.335647
3 0.150943 0.407862 0.047170 0.299450
4 0.866745 0.350275 0.035377 0.263252
4 0.106132 0.361792 0.042453 0.246799
5 0.897995 0.300915 0.024764 0.204021
0 0.517099 0.705666 0.081368 0.289578
0 0.435731 0.694149 0.083726 0.286287
1 0.606132 0.697439 0.091981 0.279706
1 0.344929 0.667823 0.093160 0.233637
2 0.694575 0.680986 0.082547 0.213893
2 0.257075 0.644789 0.080189 0.167823
3 0.768278 0.649725 0.064858 0.190858
3 0.180425 0.597074 0.063679 0.151370
4 0.827241 0.593784 0.043632 0.164533