0 0.543042 0.415032 0.133255 0.339873
0 0.405071 0.419957 0.137972 0.349724
1 0.652712 0.383015 0.088443 0.295542
1 0.286557 0.412569 0.096698 0.265988
2 0.732311 0.336221 0.082547 0.290616
2 0.197524 0.376858 0.081368 0.312782
3 0.791274 0.321443 0.049528 0.236433
3 0.142099 0.378089 0.055425 0.256136
4 0.829009 0.288195 0.030660 0.214268
4 0.091981 0.350998 0.044811 0.241359
5 0.057193 0.305435 0.024764 0.165011
0 0.543632 0.717962 0.082547 0.221656
0 0.459316 0.720425 0.086085 0.226582
1 0.626179 0.685945 0.087264 0.201954
1 0.370283 0.725351 0.091981 0.236433
2 0.706368 0.645308 0.075472 0.204416
2 0.278302 0.710574 0.089623 0.231508
3 0.762972 0.605902 0.058962 0.174862
3 0.210495 0.687176 0.064858 0.150234
4 0.806604 0.538174 0.047170 0.098514
4 0.153892 0.636688 0.053066 0.113291