0 0.682193 0.736634 0.152123 0.415820
0 0.524764 0.739370 0.167453 0.432234
1 0.811910 0.728427 0.107311 0.311865
1 0.397406 0.769462 0.106132 0.350164
2 0.915094 0.776301 0.113208 0.369314
2 0.291274 0.815969 0.106132 0.355636
3 0.972288 0.720220 0.055424 0.207910
3 0.229363 0.805026 0.064858 0.289980
4 0.191038 0.829647 0.042453 0.251681
5 0.164505 0.862475 0.038915 0.207910
0 0.599646 0.304400 0.093160 0.300922
0 0.511792 0.312607 0.080189 0.300922
1 0.694575 0.318079 0.096698 0.295451
1 0.428656 0.348171 0.086085 0.289980
2 0.791274 0.370056 0.096698 0.300922
2 0.344929 0.400148 0.076651 0.268094
3 0.876179 0.390574 0.075472 0.227060
3 0.280071 0.468540 0.050708 0.180553
4 0.942217 0.463069 0.058962 0.191496
4 0.240566 0.539667 0.066038 0.153197