0 0.547759 0.325734 0.130896 0.351153
0 0.420401 0.329665 0.128538 0.353774
1 0.659788 0.313941 0.088443 0.322327
1 0.315448 0.313941 0.086085 0.322327
2 0.744693 0.287736 0.076651 0.369497
2 0.234080 0.308700 0.074292 0.327568
3 0.803656 0.316562 0.060142 0.275157
3 0.175118 0.330975 0.045991 0.246331
4 0.855542 0.292977 0.048349 0.248952
4 0.132075 0.312631 0.047170 0.230608
5 0.896816 0.244497 0.034198 0.199161
5 0.089033 0.266771 0.041274 0.207023
0 0.532429 0.751572 0.076651 0.296122
0 0.449292 0.743711 0.084906 0.296122
1 0.611439 0.742400 0.081368 0.262055
1 0.365566 0.731918 0.082547 0.283019
2 0.692807 0.714885 0.076651 0.233229
2 0.285377 0.700472 0.080189 0.256813
3 0.752358 0.667715 0.066038 0.217505
3 0.219929 0.662474 0.055425 0.207023
4 0.796580 0.607442 0.064858 0.175577
4 0.185731 0.621855 0.062500 0.188679
5 0.841981 0.539308 0.047170 0.133648
5 0.132075 0.549790 0.056604 0.149371