0 0.558962 0.268827 0.146226 0.440914
0 0.415094 0.284136 0.141509 0.410295
1 0.681604 0.268827 0.099057 0.391923
1 0.296580 0.299446 0.093160 0.367428
2 0.756486 0.316286 0.071934 0.303128
2 0.209906 0.320879 0.080189 0.434790
3 0.817807 0.307100 0.083726 0.352119
3 0.149175 0.322410 0.069575 0.382738
4 0.874410 0.300976 0.048349 0.364366
4 0.102594 0.339250 0.047170 0.293942
5 0.913915 0.304038 0.047170 0.192900
5 0.069575 0.322410 0.030660 0.223519
7 0.929835 0.375993 0.043632 0.165343
0 0.529481 0.729643 0.096698 0.419480
0 0.435731 0.725050 0.090802 0.422542
1 0.624410 0.705147 0.093160 0.394985
1 0.346108 0.721988 0.088443 0.410295
2 0.712854 0.686776 0.095519 0.407233
2 0.270637 0.686776 0.088443 0.382738
3 0.787736 0.662281 0.094340 0.382738
3 0.201651 0.654626 0.077830 0.244952
4 0.836675 0.627069 0.069575 0.287819
4 0.136792 0.633193 0.066038 0.202085
5 0.886203 0.590326 0.057783 0.189838
6 0.089033 0.617883 0.029481 0.122476
7 0.085495 0.545929 0.031840 0.094919