0 0.542453 0.470723 0.169811 0.493095
0 0.365566 0.479968 0.183962 0.511586
1 0.679245 0.483050 0.103774 0.419131
1 0.218160 0.495377 0.110849 0.443785
2 0.787146 0.459936 0.112028 0.514668
2 0.120873 0.475345 0.083726 0.514668
3 0.862618 0.439904 0.064858 0.357494
3 0.053656 0.447609 0.048349 0.292775
4 0.907429 0.419872 0.053066 0.317430
4 0.014741 0.387513 0.029481 0.228056
0 0.575472 0.822052 0.101415 0.209565
0 0.468750 0.840544 0.112028 0.228056
1 0.682193 0.785070 0.104953 0.184911
1 0.345519 0.834380 0.115566 0.184911
2 0.231132 0.778907 0.108491 0.129437