0 0.705189 0.589638 0.141509 0.399697
0 0.568986 0.595516 0.128538 0.405575
1 0.824292 0.623436 0.096698 0.332101
1 0.461675 0.624905 0.081368 0.352674
2 0.921580 0.663112 0.097877 0.358552
2 0.380896 0.645478 0.077830 0.335040
3 0.981722 0.670459 0.036556 0.279200
3 0.316038 0.686623 0.047170 0.299773
4 0.277123 0.730707 0.035377 0.246872
5 0.250000 0.773322 0.033019 0.196910
6 0.228774 0.783608 0.033019 0.176337
0 0.705189 0.317785 0.094340 0.261566
0 0.613208 0.310438 0.091981 0.264505
1 0.798939 0.338358 0.088443 0.279200
1 0.522406 0.314846 0.084906 0.296834
2 0.897406 0.383912 0.101415 0.317406
2 0.435731 0.326602 0.081368 0.367369
3 0.971698 0.416240 0.056604 0.205726
3 0.360849 0.354522 0.068396 0.305651
4 0.310731 0.447099 0.057783 0.191032
5 0.260024 0.539676 0.069575 0.193971