0 0.449882 0.581810 0.194575 0.466318
0 0.258255 0.589991 0.191038 0.493588
1 0.615566 0.637714 0.136792 0.430867
1 0.099057 0.598172 0.122642 0.455410
2 0.743514 0.660893 0.123821 0.395416
2 0.023585 0.628169 0.047170 0.373600
3 0.854953 0.724978 0.101415 0.398143
4 0.941038 0.726341 0.070755 0.242703
0 0.400943 0.112968 0.120283 0.225936
0 0.285377 0.111605 0.108491 0.223209
1 0.531250 0.138875 0.137972 0.277749
1 0.170991 0.133421 0.120283 0.266841
2 0.655071 0.172962 0.109670 0.345924
2 0.066038 0.157964 0.113208 0.315927
3 0.768868 0.171599 0.117925 0.343197
4 0.873231 0.228663 0.090802 0.327241
5 0.952830 0.365013 0.073113 0.305425