0 0.569575 0.352011 0.176887 0.472235
0 0.389151 0.320418 0.183962 0.515467
1 0.715212 0.302127 0.116745 0.438979
1 0.229953 0.235615 0.134434 0.465584
2 0.823113 0.263883 0.096698 0.409048
2 0.105542 0.205936 0.116745 0.411872
3 0.907429 0.202359 0.069575 0.339211
3 0.023585 0.149401 0.047170 0.298801
4 0.955778 0.164115 0.029481 0.322583
5 0.984670 0.115894 0.028302 0.226141
0 0.555425 0.633024 0.106132 0.295978
0 0.443396 0.611407 0.113208 0.272699
1 0.659788 0.652977 0.104953 0.249420
1 0.327830 0.574826 0.117925 0.226141
2 0.762382 0.604756 0.102594 0.232792
2 0.211085 0.524942 0.115566 0.206187