0 0.566627 0.377805 0.121462 0.458700
0 0.443986 0.385325 0.123821 0.428621
1 0.665094 0.340207 0.075472 0.406062
1 0.340802 0.357126 0.080189 0.394783
2 0.745283 0.345847 0.084906 0.424861
2 0.257665 0.362766 0.086085 0.383503
3 0.800708 0.372166 0.049528 0.327106
3 0.195165 0.351486 0.050708 0.345905
4 0.838443 0.359006 0.044811 0.263189
4 0.142099 0.313888 0.055425 0.300787
5 0.880896 0.302609 0.044811 0.248149
5 0.102005 0.274410 0.041274 0.229350
0 0.544811 0.686112 0.080189 0.127834
0 0.464623 0.674832 0.080189 0.127834
1 0.625590 0.667313 0.074292 0.157913
1 0.376179 0.654153 0.082547 0.139114
2 0.696934 0.652273 0.061321 0.165433
2 0.298349 0.624075 0.058962 0.109035
3 0.745283 0.601516 0.056604 0.139114
3 0.237618 0.582716 0.053066 0.116555
4 0.792453 0.592116 0.037736 0.112795
4 0.181014 0.541358 0.050708 0.124075
5 0.140330 0.479321 0.054245 0.135354