0 0.466392 0.385649 0.154481 0.575567
0 0.309552 0.391366 0.156840 0.602249
1 0.599057 0.362779 0.113208 0.560320
1 0.169811 0.372308 0.122642 0.518391
2 0.702830 0.376120 0.096698 0.556508
2 0.056014 0.385649 0.102594 0.522203
3 0.761792 0.398990 0.042453 0.411664
4 0.797759 0.345626 0.041274 0.358300
5 0.831368 0.334191 0.040094 0.251572
6 0.860849 0.246522 0.033019 0.205832
0 0.427476 0.800505 0.095519 0.398990
0 0.333726 0.799219 0.089623 0.396417
1 0.522995 0.797313 0.090802 0.369735
1 0.238208 0.806223 0.096698 0.387554
2 0.612028 0.785258 0.087264 0.429484
2 0.142099 0.798599 0.093160 0.402802
3 0.685731 0.743949 0.079009 0.323995
3 0.051887 0.772537 0.082547 0.327806
4 0.745283 0.702020 0.051887 0.202020
6 0.797170 0.637221 0.044811 0.224890