0 0.575472 0.441115 0.143868 0.491691
0 0.430425 0.447003 0.143868 0.485803
1 0.690448 0.411672 0.086085 0.421029
1 0.311910 0.432282 0.088443 0.421029
2 0.775354 0.364564 0.083726 0.432806
2 0.232901 0.380757 0.069575 0.459304
3 0.839033 0.371925 0.064858 0.347423
3 0.168632 0.358676 0.075472 0.409252
4 0.888561 0.366036 0.060142 0.335646
4 0.112618 0.348371 0.038915 0.329757
5 0.940448 0.360148 0.064858 0.264983
5 0.070755 0.342482 0.044811 0.259095
0 0.547759 0.785593 0.081368 0.415141
0 0.465212 0.784121 0.083726 0.412196
1 0.631486 0.784121 0.086085 0.406308
1 0.385613 0.764983 0.077830 0.397475
2 0.707547 0.750262 0.087264 0.385698
2 0.308373 0.778233 0.071934 0.376865
3 0.780660 0.719347 0.075472 0.376865
3 0.235259 0.716403 0.074292 0.323869
4 0.848467 0.697265 0.055425 0.309147
4 0.167453 0.685488 0.058962 0.267928
5 0.908019 0.607465 0.066038 0.170767
5 0.114387 0.601577 0.044811 0.170767