0 0.711675 0.384236 0.130896 0.378579
0 0.578420 0.401444 0.137972 0.362935
1 0.829009 0.313839 0.101415 0.387965
1 0.457547 0.363899 0.103774 0.362935
2 0.913325 0.318533 0.090802 0.378579
2 0.362618 0.326354 0.083726 0.337905
3 0.963443 0.363899 0.058962 0.275330
3 0.293632 0.340434 0.051887 0.259686
4 0.239976 0.332612 0.055425 0.244042
5 0.188679 0.310711 0.049528 0.244042
0 0.661557 0.834776 0.073113 0.265944
0 0.587854 0.841034 0.069575 0.247171
1 0.741745 0.820697 0.082547 0.281587
1 0.511792 0.820697 0.075472 0.250300
2 0.826061 0.806617 0.083726 0.290974
2 0.433373 0.792538 0.083726 0.262815
3 0.897995 0.790974 0.081368 0.309746
3 0.356722 0.781587 0.088443 0.316004
4 0.948113 0.767508 0.075472 0.250300
4 0.297759 0.737785 0.064858 0.247171
5 0.981132 0.719012 0.037736 0.203369
5 0.239976 0.697111 0.067217 0.197111
6 0.198703 0.596991 0.053066 0.153309