0 0.568396 0.363325 0.146226 0.460882
0 0.425118 0.376039 0.142689 0.492667
1 0.686910 0.372860 0.088443 0.397312
1 0.302476 0.398288 0.100236 0.416383
2 0.762382 0.355378 0.060142 0.425918
2 0.219340 0.401467 0.068396 0.448168
3 0.816038 0.393520 0.047170 0.368705
3 0.163325 0.434841 0.043632 0.336921
4 0.847288 0.411002 0.034198 0.295600
4 0.132075 0.444376 0.033019 0.279708
5 0.873231 0.380806 0.031840 0.254280
5 0.100825 0.407824 0.024764 0.238387
6 0.900943 0.309290 0.028302 0.270172
6 0.063090 0.404645 0.045991 0.308314
0 0.533608 0.765404 0.081368 0.362348
0 0.449292 0.766994 0.089623 0.359170
1 0.622052 0.725673 0.095519 0.384598
1 0.356722 0.771761 0.090802 0.368705
2 0.699292 0.741566 0.080189 0.346456
2 0.282429 0.779708 0.083726 0.384598
3 0.767689 0.712959 0.063679 0.308314
3 0.209316 0.757458 0.071934 0.295600
4 0.820165 0.697067 0.043632 0.251101
4 0.158608 0.728852 0.050708 0.232030
5 0.857311 0.668460 0.040094 0.193888
5 0.124410 0.705013 0.050708 0.197067
7 0.886792 0.582641 0.040094 0.155746
7 0.081958 0.638265 0.071934 0.184353