0 0.571344 0.751375 0.166274 0.465825
0 0.326061 0.734332 0.170991 0.494229
1 0.718160 0.752795 0.127358 0.434580
1 0.169222 0.744274 0.137972 0.497069
2 0.817217 0.742854 0.091981 0.335166
2 0.054245 0.740013 0.084906 0.431740
3 0.886792 0.717290 0.066038 0.284039
4 0.939269 0.742854 0.057783 0.278359
0 0.440448 0.336677 0.090802 0.357890
0 0.346698 0.321055 0.089623 0.315284
1 0.540684 0.321055 0.107311 0.377772
1 0.247642 0.302593 0.108491 0.391974
2 0.647995 0.349459 0.109670 0.428899
2 0.139151 0.315374 0.108491 0.468665
3 0.748231 0.420469 0.093160 0.303922
3 0.042453 0.379283 0.082547 0.357890
4 0.834316 0.468756 0.074292 0.241433
5 0.900943 0.507101 0.056604 0.181785