0 0.637382 0.370106 0.208726 0.451349
0 0.435142 0.351737 0.195755 0.493335
1 0.807783 0.363546 0.134434 0.380498
1 0.268278 0.325496 0.116745 0.425108
2 0.938679 0.291382 0.122642 0.409363
2 0.150354 0.267765 0.119104 0.414611
3 0.065448 0.254645 0.083726 0.351632
3 0.018868 0.244148 0.037736 0.251916
0 0.596698 0.822819 0.120283 0.354361
0 0.477594 0.824131 0.120283 0.351737
1 0.720519 0.811011 0.129717 0.377978
1 0.359670 0.795214 0.115566 0.398867
2 0.846108 0.799202 0.119104 0.401595
2 0.242925 0.776897 0.127358 0.446205
3 0.952241 0.784717 0.095518 0.414611
3 0.135613 0.747980 0.115566 0.409363
4 0.073113 0.667944 0.099057 0.307022
5 0.033019 0.553795 0.066038 0.194185