0 0.576061 0.510260 0.227594 0.680091
0 0.329599 0.483877 0.267689 0.633188
1 0.778302 0.565957 0.176887 0.562834
1 0.098467 0.480946 0.189858 0.545245
2 0.920991 0.539574 0.122642 0.603874
3 0.980542 0.426714 0.038915 0.255034
0 0.540094 0.079244 0.155660 0.158488
0 0.377358 0.071916 0.167453 0.143832
1 0.695165 0.110024 0.154481 0.220048
1 0.207547 0.082272 0.169811 0.164160
2 0.822524 0.114422 0.100236 0.228843
2 0.061321 0.080806 0.122642 0.161228
3 0.915684 0.108655 0.104953 0.211063
4 0.969340 0.152626 0.051887 0.123120