0 0.599057 0.350954 0.141509 0.429604
0 0.457547 0.348031 0.141509 0.429604
1 0.716981 0.352415 0.094340 0.356542
1 0.332547 0.333419 0.103774 0.371155
2 0.793632 0.333419 0.082547 0.347775
2 0.239387 0.288120 0.080189 0.403302
3 0.841981 0.345109 0.042453 0.277635
3 0.186910 0.301272 0.043632 0.306860
4 0.875590 0.330496 0.043632 0.248411
4 0.153892 0.311500 0.038915 0.292248
5 0.126769 0.298349 0.029481 0.219186
6 0.109080 0.304194 0.020047 0.125667
0 0.504127 0.821473 0.086085 0.301015
0 0.418632 0.809783 0.084906 0.301015
1 0.592571 0.834624 0.088443 0.303938
1 0.329009 0.790787 0.089623 0.274713
2 0.681014 0.827317 0.095519 0.341930
2 0.247642 0.784942 0.073113 0.315628
3 0.755896 0.829638 0.077830 0.340724
3 0.189269 0.796631 0.057783 0.303938
4 0.810142 0.783480 0.061321 0.271790
4 0.156250 0.719186 0.060142 0.230876
5 0.835495 0.701651 0.057783 0.248411
5 0.131486 0.618360 0.050708 0.122744
6 0.139741 0.536531 0.050708 0.099364