0 0.590802 0.511134 0.186321 0.470821
0 0.399764 0.504772 0.179245 0.483545
1 0.744104 0.536584 0.108491 0.400834
1 0.239976 0.547718 0.140330 0.435827
2 0.850825 0.644746 0.100236 0.508995
2 0.113797 0.633611 0.109670 0.486727
3 0.932193 0.643155 0.079009 0.442190
3 0.038325 0.639974 0.076650 0.423102
4 0.982901 0.643155 0.034198 0.321303
0 0.543632 0.228006 0.110849 0.356297
0 0.423349 0.193012 0.125000 0.279947
1 0.675118 0.256637 0.123821 0.324484
1 0.304835 0.237549 0.109670 0.305397
2 0.787736 0.250274 0.099057 0.286310
2 0.184552 0.251865 0.123821 0.302216
3 0.882075 0.290039 0.084906 0.289491
3 0.090802 0.296402 0.101415 0.289491
4 0.951651 0.320261 0.054245 0.286310
4 0.021226 0.320261 0.042452 0.235410