0 0.535967 0.457680 0.119104 0.344399
0 0.417453 0.450383 0.115566 0.376504
1 0.648585 0.427034 0.103774 0.353154
1 0.312500 0.419738 0.087264 0.338561
2 0.749410 0.447465 0.093160 0.347317
2 0.224057 0.373040 0.087264 0.338561
3 0.814858 0.431412 0.054245 0.291863
3 0.160967 0.373040 0.036557 0.268514
4 0.852005 0.429953 0.036557 0.248084
4 0.130307 0.375958 0.029481 0.227653
5 0.874410 0.431412 0.020047 0.128420
5 0.109080 0.367202 0.017689 0.140094
2 0.692217 0.669281 0.082547 0.189711
2 0.273585 0.637176 0.075472 0.201386
3 0.767099 0.688252 0.057783 0.175118
3 0.202241 0.621123 0.057783 0.204304
4 0.813679 0.666362 0.042453 0.178037
4 0.163915 0.600693 0.037736 0.163443