0 0.573113 0.304511 0.221698 0.546677
0 0.353184 0.290671 0.211085 0.518998
1 0.757075 0.262975 0.146226 0.525950
1 0.181014 0.224931 0.128538 0.449798
2 0.892689 0.245675 0.125000 0.491350
2 0.060142 0.211075 0.113208 0.422150
3 0.972877 0.183412 0.054245 0.352918
0 0.538325 0.858124 0.123821 0.283751
0 0.409788 0.849458 0.135613 0.294099
1 0.665684 0.861584 0.133255 0.276831
1 0.267689 0.840808 0.148585 0.304479
2 0.789505 0.823525 0.109670 0.352950
2 0.125590 0.816605 0.135613 0.366790
3 0.889151 0.768149 0.110849 0.345998
3 0.037736 0.745659 0.075472 0.501698
4 0.957547 0.685109 0.084906 0.422118