0 0.556014 0.273608 0.140330 0.341963
0 0.423349 0.273608 0.125000 0.367293
1 0.655660 0.314770 0.084906 0.272304
1 0.333726 0.317937 0.101415 0.272304
2 0.745873 0.273608 0.093160 0.411622
2 0.246462 0.281524 0.087264 0.395790
3 0.808373 0.329019 0.055425 0.300800
3 0.185731 0.322686 0.055425 0.319798
4 0.849646 0.330602 0.048349 0.253306
4 0.141509 0.324269 0.051887 0.291301
5 0.893868 0.287857 0.051887 0.256472
5 0.103774 0.297356 0.040094 0.269137
6 0.928656 0.259360 0.036557 0.193146
6 0.071934 0.243528 0.025943 0.212143
0 0.523585 0.715310 0.082547 0.364127
0 0.447524 0.713727 0.069575 0.373626
1 0.609080 0.691562 0.086085 0.360960
1 0.371462 0.708977 0.084906 0.338796
2 0.693396 0.712143 0.084906 0.433786
2 0.284198 0.710560 0.087264 0.405289
3 0.757665 0.634569 0.069575 0.310299
3 0.210495 0.693146 0.088443 0.313466
4 0.801887 0.601322 0.056604 0.250139
4 0.160967 0.648817 0.060142 0.275470
5 0.855542 0.577575 0.071934 0.215310
5 0.123821 0.593406 0.058962 0.246973
7 0.914505 0.476253 0.043632 0.139318
6 0.085495 0.511082 0.048349 0.151983