0 0.708726 0.406915 0.179245 0.492021
0 0.525943 0.402926 0.183962 0.526596
1 0.866745 0.385638 0.134434 0.481383
1 0.363208 0.397606 0.139151 0.515957
2 0.966392 0.409574 0.067216 0.422872
2 0.257665 0.398936 0.107311 0.513298
3 0.170991 0.365691 0.089623 0.441489
4 0.105542 0.355053 0.062500 0.313830
5 0.065448 0.247340 0.034198 0.199468
0 0.662736 0.867686 0.117925 0.264628
0 0.544222 0.866356 0.116745 0.267287
1 0.778892 0.858378 0.112028 0.283244
1 0.440448 0.855718 0.119104 0.288564
2 0.877358 0.842420 0.103774 0.315160
2 0.347288 0.833112 0.100236 0.333776
3 0.962264 0.827793 0.075472 0.344414
3 0.265330 0.833112 0.082547 0.333776
4 0.212854 0.767287 0.074292 0.361702
5 0.160967 0.719415 0.088443 0.297872
6 0.105542 0.603723 0.057783 0.252660