0 0.602594 0.412310 0.231132 0.824620
0 0.367925 0.417404 0.240566 0.829800
1 0.798939 0.417404 0.161557 0.729916
1 0.170991 0.451979 0.148585 0.668450
2 0.939269 0.386671 0.121462 0.722233
2 0.049528 0.469267 0.099056 0.649241
0 0.544222 0.832304 0.119104 0.307333
0 0.421580 0.834225 0.128538 0.303492
1 0.675708 0.805412 0.127358 0.384167
1 0.288915 0.831635 0.139151 0.336729
2 0.810142 0.786204 0.132075 0.384167
2 0.162736 0.818858 0.113208 0.341908
3 0.057193 0.841908 0.097877 0.280442
3 0.938090 0.711292 0.112028 0.265075