0 0.536557 0.447597 0.143868 0.566726
0 0.392099 0.449538 0.140330 0.555081
1 0.666274 0.385490 0.110849 0.535672
1 0.268868 0.406840 0.101415 0.524027
2 0.767689 0.338910 0.091981 0.504619
2 0.184552 0.369964 0.069575 0.465802
3 0.841392 0.313679 0.053066 0.345470
3 0.130896 0.323383 0.035377 0.263954
4 0.893868 0.228282 0.051887 0.260073
4 0.106722 0.218578 0.027123 0.155267
5 0.941627 0.133181 0.043632 0.232901
6 0.077830 0.152589 0.033019 0.147504
0 0.517099 0.779481 0.079009 0.353233
0 0.432193 0.752309 0.067217 0.360996
1 0.604363 0.736783 0.083726 0.384287
1 0.352005 0.765895 0.076651 0.372642
2 0.695755 0.647504 0.089623 0.314416
2 0.268278 0.723197 0.076651 0.318298
3 0.199292 0.664972 0.054245 0.248428
4 0.155660 0.583456 0.037736 0.209611
6 0.112618 0.459242 0.038915 0.178557
7 0.084316 0.342792 0.038915 0.155267