0 0.599646 0.647176 0.199292 0.498665
0 0.409198 0.647176 0.167453 0.533295
1 0.763561 0.683537 0.123821 0.370536
1 0.269458 0.647176 0.102594 0.304740
2 0.916274 0.688731 0.143868 0.332444
2 0.158019 0.661027 0.117925 0.360147
3 0.077830 0.681805 0.070755 0.235481
4 0.025943 0.671416 0.049528 0.200851
0 0.569575 0.409963 0.115566 0.287425
0 0.454009 0.401306 0.108491 0.311666
1 0.702830 0.432472 0.113208 0.277036
1 0.338443 0.370139 0.096698 0.332444
2 0.817807 0.477491 0.100236 0.380925
2 0.242335 0.361482 0.097877 0.342832
3 0.928656 0.477491 0.112028 0.325518
3 0.152712 0.389185 0.081368 0.315129
4 0.086675 0.439398 0.076651 0.270110