0 0.558962 0.235926 0.183962 0.471852
0 0.374410 0.238889 0.182783 0.477778
1 0.701651 0.227037 0.103774 0.454074
1 0.224057 0.241852 0.113208 0.483704
2 0.806604 0.265555 0.103774 0.531110
2 0.113797 0.261111 0.104953 0.522222
3 0.886203 0.319261 0.055425 0.453328
3 0.035967 0.308891 0.071934 0.462217
4 0.929835 0.325187 0.031840 0.305182
0 0.550118 0.614073 0.121462 0.308144
0 0.439269 0.622962 0.097877 0.284441
1 0.666274 0.584443 0.113208 0.314070
1 0.324292 0.591851 0.134434 0.305182
2 0.764151 0.556296 0.082547 0.287404
2 0.193986 0.582962 0.123821 0.234071
3 0.840802 0.548888 0.066038 0.225183
3 0.097877 0.585925 0.082547 0.198516
4 0.041274 0.587406 0.037736 0.124443