0 0.511792 0.333392 0.127358 0.380112
0 0.385613 0.333392 0.125000 0.370239
1 0.613797 0.324753 0.095519 0.338152
1 0.281250 0.332158 0.081368 0.318406
2 0.707547 0.306242 0.094340 0.350493
2 0.205189 0.319817 0.087264 0.352961
3 0.772995 0.307476 0.062500 0.244358
3 0.152123 0.323519 0.044811 0.246826
4 0.826061 0.276622 0.062500 0.212270
4 0.112028 0.308710 0.049528 0.222143
5 0.875000 0.263047 0.070755 0.224612
6 0.929245 0.208745 0.037736 0.190056
0 0.529481 0.787552 0.077830 0.266572
0 0.452830 0.786318 0.073113 0.269040
1 0.596108 0.757933 0.083726 0.311001
1 0.373231 0.762870 0.083726 0.301128
2 0.682193 0.755465 0.088443 0.340620
2 0.301887 0.781382 0.075472 0.338152
3 0.754717 0.712270 0.075472 0.229548
3 0.238797 0.743124 0.071934 0.271509
4 0.804245 0.641925 0.070755 0.212270
4 0.182193 0.685120 0.060142 0.194993
5 0.873821 0.575282 0.080189 0.207334
5 0.130896 0.625881 0.068396 0.175247
6 0.930425 0.476552 0.058962 0.197461
6 0.083137 0.558004 0.067217 0.143159