0 0.548939 0.315884 0.126179 0.435449
0 0.423349 0.310039 0.122642 0.429604
1 0.656840 0.304194 0.091981 0.388689
1 0.314858 0.310039 0.087264 0.347775
2 0.749410 0.280814 0.090802 0.394534
2 0.232901 0.285198 0.076651 0.397457
3 0.807783 0.312961 0.054245 0.271790
3 0.179245 0.286659 0.049528 0.324395
4 0.854953 0.291043 0.040094 0.286403
4 0.137972 0.273508 0.033019 0.303938
5 0.899764 0.248667 0.049528 0.230876
5 0.101415 0.242822 0.035377 0.201651
6 0.931604 0.209213 0.033019 0.151969
6 0.077830 0.166838 0.021226 0.137356
0 0.530660 0.758639 0.073113 0.339007
0 0.453420 0.760100 0.079009 0.336085
1 0.608491 0.725031 0.084906 0.301015
1 0.371462 0.745488 0.087264 0.347775
2 0.693986 0.732337 0.083726 0.379922
2 0.283019 0.725031 0.089623 0.388689
3 0.757075 0.640279 0.070755 0.271790
3 0.208137 0.672426 0.076651 0.306860
4 0.805425 0.587674 0.056604 0.236721
4 0.162146 0.611054 0.057783 0.236721
5 0.864976 0.542376 0.057783 0.187039
5 0.127358 0.533608 0.047170 0.181194
7 0.909788 0.425477 0.043632 0.116899
7 0.093750 0.435705 0.045991 0.143201