0 0.570755 0.356213 0.141509 0.462491
0 0.426297 0.356213 0.145047 0.444703
1 0.687500 0.365107 0.089623 0.420986
1 0.311321 0.357695 0.084906 0.418021
2 0.781840 0.378448 0.094340 0.483244
2 0.225236 0.366589 0.087264 0.495103
3 0.841981 0.437742 0.061321 0.376515
3 0.164505 0.436259 0.057783 0.379480
4 0.873821 0.483694 0.030660 0.266822
4 0.130307 0.465906 0.031840 0.249034
0 0.522995 0.674917 0.083726 0.257928
0 0.431604 0.671952 0.099057 0.257928
1 0.613797 0.668987 0.095519 0.263857
1 0.339033 0.655646 0.083726 0.249034
2 0.714033 0.666023 0.100236 0.228281
2 0.264741 0.634893 0.064858 0.207528
3 0.793042 0.677881 0.057783 0.198634
3 0.200472 0.646752 0.051887 0.112658
4 0.837264 0.677881 0.030660 0.133411