0 0.529481 0.442886 0.148585 0.306725
0 0.383255 0.433367 0.143868 0.313071
1 0.653302 0.421732 0.099057 0.272880
1 0.269458 0.418559 0.086085 0.253842
2 0.744104 0.382598 0.082547 0.296149
2 0.189858 0.388944 0.068396 0.300379
3 0.809552 0.350868 0.053066 0.215765
3 0.137972 0.379425 0.042453 0.213650
4 0.847877 0.320195 0.044811 0.175574
4 0.096698 0.359329 0.037736 0.177689
5 0.877358 0.282119 0.033019 0.129036
0 0.500000 0.717881 0.084906 0.116344
0 0.414505 0.709419 0.088443 0.120575
1 0.589033 0.706246 0.088443 0.122690
1 0.329599 0.686151 0.083726 0.116344
2 0.682193 0.681920 0.088443 0.099421
2 0.251179 0.653363 0.075472 0.097306
3 0.764741 0.653363 0.050708 0.076152
4 0.819575 0.602594 0.054245 0.071922
5 0.853184 0.542307 0.041274 0.074037