0 0.527123 0.588091 0.153302 0.352366
0 0.376769 0.588091 0.149764 0.339552
1 0.654481 0.634540 0.103774 0.310722
1 0.252948 0.612116 0.100236 0.291502
2 0.750590 0.680988 0.086085 0.320332
2 0.152123 0.621726 0.099057 0.310722
3 0.824882 0.709818 0.062500 0.281892
3 0.084316 0.658564 0.057783 0.249859
4 0.872052 0.724233 0.043632 0.285096
4 0.028892 0.680988 0.050708 0.205013
5 0.919811 0.735444 0.051887 0.262672
0 0.510613 0.123610 0.089623 0.153760
0 0.418632 0.123610 0.096698 0.140946
1 0.599057 0.162049 0.084906 0.179386
1 0.322524 0.155643 0.097877 0.172979
2 0.675708 0.195684 0.063679 0.150556
2 0.231132 0.195684 0.087264 0.188996
3 0.746462 0.237328 0.080189 0.233843
3 0.150943 0.206896 0.073113 0.211419
4 0.784788 0.288581 0.060142 0.259469
4 0.093160 0.278971 0.058962 0.208216
5 0.047170 0.379875 0.049528 0.198606