0 0.663325 0.501952 0.163915 0.569904
0 0.497642 0.509759 0.165094 0.530869
1 0.807783 0.542938 0.122642 0.620649
1 0.355542 0.554648 0.114387 0.566000
2 0.920401 0.597586 0.104953 0.612842
2 0.248231 0.578069 0.102594 0.542580
3 0.187500 0.591731 0.058962 0.429380
3 0.978774 0.539035 0.042452 0.472318
4 0.140920 0.634669 0.064858 0.437187
0 0.643278 0.145583 0.095519 0.291165
0 0.548939 0.143631 0.093160 0.287262
1 0.746462 0.151438 0.110849 0.302876
1 0.439858 0.155341 0.120283 0.310682
2 0.850236 0.176810 0.089623 0.353620
2 0.334906 0.158448 0.084906 0.296662
3 0.936321 0.179917 0.080189 0.308373
3 0.251769 0.213096 0.083726 0.265435
4 0.198703 0.298972 0.055425 0.242014