0 0.563679 0.332031 0.259434 0.664062
0 0.303066 0.315487 0.259434 0.630974
1 0.770637 0.305607 0.149764 0.590074
1 0.096108 0.298943 0.154481 0.597886
2 0.913325 0.286535 0.135613 0.573070
3 0.977594 0.308364 0.044811 0.463235
0 0.518278 0.808824 0.159198 0.355699
0 0.353774 0.812960 0.167453 0.352941
1 0.684552 0.789522 0.170991 0.388787
1 0.187500 0.782629 0.162736 0.352941
2 0.838443 0.737132 0.155660 0.355699
2 0.053656 0.732996 0.107311 0.314338
3 0.933962 0.670956 0.075472 0.206801
4 0.979953 0.637868 0.040094 0.151654