0 0.734670 0.408818 0.207547 0.599589
0 0.525943 0.397766 0.212264 0.599589
1 0.919222 0.339741 0.161556 0.466961
1 0.343160 0.321781 0.148585 0.497355
2 0.199882 0.291387 0.137972 0.453146
3 0.114976 0.277572 0.086085 0.359201
4 0.055425 0.272045 0.075472 0.337096
5 0.014151 0.220928 0.028302 0.218284
0 0.706368 0.918607 0.146226 0.160259
0 0.567217 0.915844 0.129717 0.160259
1 0.860849 0.913713 0.160377 0.172574
1 0.427476 0.905424 0.145047 0.189152
2 0.962264 0.900647 0.075472 0.190653
2 0.288915 0.892990 0.132075 0.214020
3 0.189858 0.890227 0.108491 0.219546
4 0.130896 0.816373 0.082547 0.232099
5 0.089033 0.752822 0.064858 0.149207
6 0.070755 0.678219 0.051887 0.116050
7 0.093750 0.592563 0.048349 0.082893