0 0.588443 0.343612 0.231132 0.663910
0 0.372642 0.331882 0.212264 0.663764
1 0.777712 0.321482 0.168632 0.472114
1 0.198113 0.272868 0.132075 0.545736
2 0.917453 0.262541 0.132075 0.525081
2 0.070755 0.228607 0.136792 0.457214
3 0.983491 0.275746 0.033018 0.392445
0 0.512972 0.858439 0.139151 0.283122
0 0.373231 0.843758 0.133255 0.306874
1 0.653892 0.842210 0.140330 0.315580
1 0.240566 0.827456 0.132075 0.345088
2 0.797170 0.817129 0.143868 0.365742
2 0.116745 0.772941 0.132075 0.407198
3 0.904481 0.824578 0.103774 0.303923
3 0.038915 0.681469 0.075472 0.300972
4 0.974057 0.740483 0.051886 0.259663