0 0.609080 0.312990 0.237028 0.625980
0 0.374410 0.341551 0.229953 0.615614
1 0.791863 0.338953 0.130896 0.537688
1 0.200472 0.396099 0.148585 0.485738
2 0.920991 0.359734 0.129717 0.558468
2 0.069575 0.444153 0.110849 0.561066
0 0.612028 0.872733 0.139151 0.254534
0 0.464033 0.876629 0.156840 0.246741
1 0.747642 0.875331 0.136792 0.249338
1 0.311321 0.876641 0.143868 0.236375
2 0.857901 0.861044 0.116745 0.277911
2 0.192807 0.898708 0.104953 0.202583
3 0.948113 0.853252 0.103774 0.293496
3 0.127948 0.887031 0.083726 0.220790
4 0.076651 0.889617 0.082547 0.220766
5 0.027712 0.885733 0.050708 0.218192