0 0.629127 0.317947 0.208726 0.635894
0 0.426297 0.307935 0.192217 0.605185
1 0.800118 0.313371 0.135613 0.565322
1 0.264151 0.269885 0.132075 0.536331
2 0.915094 0.289816 0.094340 0.518212
2 0.139151 0.247282 0.117925 0.494564
3 0.977005 0.244518 0.045990 0.442111
3 0.065448 0.177476 0.053066 0.351514
4 0.025354 0.128554 0.036557 0.246423
0 0.579009 0.719244 0.115566 0.347891
0 0.459906 0.724679 0.120283 0.366010
1 0.711675 0.654014 0.128538 0.369634
1 0.331958 0.661262 0.121462 0.420368
2 0.832547 0.630459 0.108491 0.329771
2 0.210495 0.632271 0.119104 0.362386
3 0.925118 0.615964 0.074292 0.250046
3 0.113797 0.592408 0.074292 0.347891
4 0.979953 0.554358 0.040094 0.199312
4 0.056014 0.478257 0.067217 0.380505
5 0.017099 0.367729 0.034198 0.239175