0 0.538915 0.351557 0.132075 0.454606
0 0.403892 0.351557 0.133255 0.460791
1 0.656840 0.329909 0.099057 0.417495
1 0.291274 0.329909 0.094340 0.411310
2 0.750000 0.317539 0.087264 0.436051
2 0.204599 0.319085 0.083726 0.451514
3 0.813679 0.303623 0.070755 0.333996
3 0.147406 0.305169 0.056604 0.343274
4 0.864387 0.246410 0.058962 0.299978
4 0.104363 0.247956 0.048349 0.303071
5 0.908019 0.179920 0.051887 0.259775
5 0.072524 0.153633 0.031840 0.163906
7 0.954009 0.062403 0.040094 0.123702
7 0.048349 0.080958 0.025943 0.098962
0 0.530071 0.742766 0.093160 0.420588
0 0.443986 0.739673 0.081368 0.420588
1 0.621462 0.722664 0.087264 0.398940
1 0.357311 0.733488 0.091981 0.432958
2 0.705778 0.693285 0.079009 0.445328
2 0.274764 0.747405 0.073113 0.466976
3 0.773585 0.622156 0.056604 0.303071
3 0.206958 0.680915 0.064858 0.284515
4 0.827830 0.557212 0.051887 0.290701
4 0.150354 0.588138 0.045991 0.235034
6 0.897406 0.469074 0.068396 0.250497
5 0.111439 0.493815 0.045991 0.188646
7 0.069575 0.336094 0.040094 0.170091
7 0.931604 0.346918 0.051887 0.148443