0 0.562500 0.324041 0.153302 0.410108
0 0.412146 0.325427 0.147406 0.412879
1 0.685142 0.304644 0.106132 0.376856
1 0.291274 0.300488 0.091981 0.374085
2 0.773585 0.239526 0.099057 0.396253
2 0.206958 0.263079 0.081368 0.399024
3 0.843160 0.188262 0.063679 0.304810
3 0.146226 0.250610 0.056604 0.351917
4 0.886792 0.157781 0.044811 0.277100
4 0.108491 0.246453 0.037736 0.288184
5 0.925118 0.128686 0.057783 0.252161
5 0.064269 0.213201 0.048349 0.232764
0 0.533019 0.709211 0.082547 0.326978
0 0.449292 0.711982 0.087264 0.315894
1 0.621462 0.698127 0.091981 0.326978
1 0.360849 0.711982 0.087264 0.321436
2 0.709906 0.666260 0.110849 0.346375
2 0.274175 0.711982 0.088443 0.365772
3 0.784198 0.606684 0.091981 0.332520
3 0.212854 0.641321 0.071934 0.285413
4 0.844929 0.547107 0.079009 0.324207
4 0.162736 0.631623 0.061321 0.260474
5 0.897995 0.473675 0.081368 0.277100
5 0.120283 0.570661 0.080189 0.271558
7 0.938679 0.360064 0.037736 0.166260
7 0.086085 0.416870 0.033019 0.119153