0 0.570165 0.432107 0.187500 0.567286
0 0.393278 0.430598 0.166274 0.588409
1 0.726415 0.435124 0.122642 0.506937
1 0.244693 0.415511 0.128538 0.552199
2 0.845519 0.409476 0.110849 0.546164
2 0.120283 0.394388 0.117925 0.582374
3 0.931604 0.420037 0.089623 0.440552
3 0.035967 0.398914 0.071934 0.440552
4 0.981722 0.389862 0.036556 0.331923
0 0.553066 0.774591 0.106132 0.196136
0 0.443986 0.773082 0.112028 0.193119
1 0.666863 0.751960 0.116745 0.175014
1 0.327241 0.764030 0.121462 0.168979
2 0.756486 0.721785 0.067217 0.162944
2 0.215802 0.744416 0.099057 0.184066
3 0.843750 0.685575 0.086085 0.175014
3 0.122642 0.696136 0.084906 0.159926