0 0.453420 0.253865 0.159198 0.351939
0 0.288915 0.253865 0.165094 0.365304
1 0.590212 0.237159 0.112028 0.305162
1 0.144458 0.251638 0.119104 0.302935
1 0.689858 0.251638 0.091981 0.276205
2 0.766509 0.268344 0.061321 0.220519
2 0.042453 0.279481 0.084906 0.291798
3 0.810731 0.300642 0.036557 0.196017
4 0.844340 0.305097 0.028302 0.129193
0 0.366156 0.910934 0.116745 0.178132
0 0.485259 0.905366 0.119104 0.189268
1 0.247052 0.913162 0.116745 0.173676
1 0.589623 0.887579 0.103774 0.207154
2 0.682193 0.853053 0.076651 0.218291
2 0.132075 0.899797 0.113208 0.200406
3 0.753538 0.820755 0.063679 0.202699
3 0.037736 0.884237 0.075472 0.227201
4 0.798939 0.768409 0.067217 0.169287
5 0.817217 0.694903 0.063679 0.115828