0 0.544811 0.222626 0.132075 0.428902
0 0.406840 0.226479 0.141509 0.436607
1 0.659788 0.229047 0.097877 0.390378
1 0.284198 0.230331 0.096698 0.387810
2 0.755307 0.266287 0.093160 0.413492
2 0.199292 0.271423 0.089623 0.377536
3 0.811910 0.322789 0.064858 0.269669
3 0.150354 0.298390 0.064858 0.272237
4 0.862618 0.299675 0.057783 0.264532
4 0.101415 0.280412 0.051887 0.246554
5 0.909788 0.286833 0.055425 0.213167
6 0.951651 0.257298 0.030660 0.118141
6 0.058373 0.250877 0.060142 0.208030
0 0.522995 0.740134 0.081368 0.339012
0 0.439269 0.736281 0.081368 0.341581
1 0.603184 0.734997 0.081368 0.344149
1 0.358491 0.727292 0.080189 0.349285
2 0.683373 0.736281 0.076651 0.387810
2 0.278302 0.704178 0.075472 0.385241
3 0.757665 0.706746 0.081368 0.318466
3 0.209316 0.652812 0.086085 0.303057
4 0.810142 0.657949 0.068396 0.261964
4 0.158019 0.615572 0.066038 0.254259
5 0.862618 0.611720 0.074292 0.241418
5 0.107311 0.551366 0.073113 0.197757
6 0.901533 0.510273 0.069575 0.156665
6 0.074292 0.460192 0.044811 0.118141
7 0.926887 0.435793 0.051887 0.079617