0 0.764741 0.413500 0.239387 0.550137
0 0.534788 0.384091 0.220519 0.581277
1 0.943396 0.363331 0.113208 0.539757
1 0.357901 0.304511 0.130896 0.574357
2 0.235259 0.276815 0.114387 0.553630
3 0.138561 0.204171 0.079009 0.394438
4 0.061910 0.150542 0.071934 0.301019
5 0.011792 0.107276 0.023584 0.214551
0 0.721698 0.906548 0.129717 0.186839
0 0.589623 0.910024 0.134434 0.179952
1 0.850825 0.911738 0.126179 0.169539
1 0.452830 0.904818 0.136792 0.183379
2 0.955778 0.870234 0.088443 0.259531
2 0.313679 0.878884 0.136792 0.242231
3 0.207547 0.816605 0.113208 0.366790
4 0.116745 0.775085 0.096698 0.449830
5 0.043042 0.726629 0.076651 0.435958