0 0.651533 0.354906 0.168632 0.436567
0 0.478184 0.356190 0.180425 0.449408
1 0.791863 0.331793 0.112028 0.359526
1 0.321934 0.324089 0.129717 0.385206
2 0.874410 0.300977 0.069575 0.323573
2 0.216392 0.329225 0.079009 0.359526
3 0.913915 0.320237 0.040094 0.223420
3 0.163325 0.349769 0.050708 0.241396
4 0.942217 0.240628 0.016509 0.146378
4 0.129127 0.322805 0.024764 0.182331
0 0.603774 0.677195 0.099057 0.346686
0 0.497052 0.691319 0.107311 0.369798
1 0.703420 0.623266 0.095519 0.300461
1 0.386792 0.688751 0.113208 0.318437
2 0.794222 0.659219 0.088443 0.305597
2 0.281250 0.706727 0.097877 0.385206
3 0.211675 0.636106 0.067217 0.254236
3 0.854953 0.562917 0.044811 0.195171
4 0.888561 0.517976 0.038915 0.100154
4 0.170401 0.529532 0.043632 0.128402