0 0.605542 0.681167 0.156840 0.543502
0 0.455189 0.679520 0.146226 0.553384
1 0.723467 0.733870 0.109670 0.398568
1 0.326651 0.758575 0.115566 0.421626
2 0.813679 0.800233 0.089623 0.399534
2 0.238208 0.787057 0.091981 0.425886
3 0.882665 0.831042 0.048349 0.329395
3 0.169811 0.824937 0.068396 0.350125
4 0.919811 0.834336 0.040094 0.296455
4 0.127948 0.834336 0.029481 0.283280
5 0.963443 0.864465 0.056604 0.271070
5 0.085495 0.875510 0.055425 0.233870
7 0.038915 0.947977 0.035377 0.102112
0 0.563679 0.193663 0.089623 0.372216
0 0.470519 0.187075 0.094340 0.352453
1 0.662736 0.206838 0.099057 0.372216
1 0.364387 0.203545 0.101415 0.359041
2 0.752948 0.234354 0.079009 0.468707
2 0.270047 0.228249 0.087264 0.434801
3 0.828420 0.254601 0.069575 0.375510
3 0.198113 0.248013 0.084906 0.388686
4 0.878538 0.305657 0.061321 0.345865
4 0.147406 0.318833 0.056604 0.227283
5 0.951651 0.383065 0.082547 0.303043
5 0.102005 0.404475 0.097877 0.299749
6 0.049528 0.626817 0.068396 0.250340
6 0.980542 0.580702 0.036557 0.204225