0 0.732311 0.190243 0.191038 0.380353
0 0.531840 0.191650 0.205189 0.383300
1 0.879127 0.185888 0.100236 0.371775
1 0.367925 0.188802 0.122642 0.377471
2 0.956958 0.195973 0.083726 0.391945
2 0.251769 0.201736 0.107311 0.403471
3 0.176887 0.240669 0.070755 0.371708
4 0.135024 0.308383 0.041274 0.288146
5 0.096698 0.305501 0.033019 0.218991
0 0.720519 0.763654 0.129717 0.466797
0 0.593160 0.766535 0.129717 0.466797
1 0.832547 0.739161 0.129717 0.475441
1 0.464623 0.768009 0.146226 0.463982
2 0.932783 0.739161 0.082547 0.481204
2 0.343160 0.782416 0.091981 0.435167
3 0.978184 0.707465 0.043632 0.417812
3 0.257665 0.789620 0.100236 0.420760
4 0.196344 0.757891 0.060142 0.340012
5 0.146226 0.744924 0.066038 0.296790
6 0.128538 0.619581 0.056604 0.155599