0 0.667453 0.212387 0.202830 0.424774
0 0.454599 0.208688 0.220519 0.417376
1 0.842571 0.200055 0.149764 0.400110
1 0.262382 0.201289 0.161557 0.402577
2 0.958726 0.175392 0.082547 0.350783
2 0.136792 0.177858 0.113208 0.355716
3 0.064269 0.149494 0.053066 0.298988
4 0.019458 0.170736 0.038915 0.295967
0 0.616745 0.820909 0.125000 0.358182
0 0.490566 0.819676 0.125000 0.360648
1 0.737028 0.829264 0.113208 0.340363
1 0.362618 0.830497 0.128538 0.328031
2 0.857311 0.855438 0.132075 0.289123
2 0.239976 0.861604 0.119104 0.276791
3 0.947524 0.851739 0.093160 0.296522
3 0.149175 0.834474 0.102594 0.331052
4 0.969340 0.736774 0.061320 0.189912
4 0.104363 0.747873 0.095519 0.300900
5 0.044222 0.721976 0.079009 0.214576
6 0.030660 0.588790 0.061320 0.140585