0 0.582547 0.287417 0.198113 0.574833
0 0.399764 0.290466 0.195755 0.575386
1 0.733491 0.272174 0.146226 0.538801
1 0.234670 0.254157 0.132075 0.508314
2 0.862028 0.270511 0.113208 0.535475
2 0.102005 0.234202 0.133255 0.468404
3 0.944575 0.235589 0.054245 0.458978
3 0.022995 0.218959 0.045990 0.425719
4 0.986439 0.202329 0.027122 0.399112
0 0.536557 0.843958 0.110849 0.312084
0 0.423939 0.840632 0.112028 0.318736
1 0.650354 0.840632 0.116745 0.318736
1 0.301297 0.827328 0.130896 0.345344
2 0.775354 0.809035 0.130896 0.381929
2 0.173349 0.790743 0.120283 0.418514
3 0.887382 0.800720 0.114387 0.398559
3 0.081958 0.747782 0.104953 0.478934
4 0.955189 0.732815 0.068396 0.395786
4 0.034198 0.638026 0.068396 0.379156
5 0.969929 0.564856 0.060142 0.192904