0 0.532429 0.742517 0.142689 0.514966
0 0.386203 0.754157 0.149764 0.491685
1 0.656250 0.765798 0.104953 0.468404
1 0.261203 0.781041 0.102594 0.425719
2 0.758844 0.767461 0.104953 0.465078
2 0.159198 0.787417 0.101415 0.425166
3 0.833137 0.771063 0.062500 0.379156
3 0.096698 0.814024 0.063679 0.371952
4 0.882075 0.807372 0.051887 0.385255
4 0.047759 0.827328 0.055425 0.345344
5 0.936910 0.858924 0.060142 0.282152
5 0.014151 0.867239 0.028302 0.265522
6 0.977594 0.877493 0.025943 0.126385
0 0.507665 0.209257 0.088443 0.418514
0 0.418042 0.212307 0.088443 0.412415
1 0.599646 0.220622 0.097877 0.382482
1 0.322524 0.235589 0.097877 0.412415
2 0.702830 0.230600 0.108491 0.455652
2 0.222288 0.254157 0.095519 0.508314
3 0.778892 0.332041 0.093160 0.339245
3 0.136203 0.328715 0.093160 0.392460
4 0.836085 0.405211 0.068396 0.266074
4 0.086675 0.421841 0.067217 0.292682
5 0.900354 0.495011 0.071934 0.272726
5 0.043042 0.504989 0.064858 0.232815
6 0.954009 0.618071 0.056604 0.152993