0 0.567807 0.349046 0.123821 0.393953
0 0.433373 0.372978 0.130896 0.404999
1 0.672170 0.356410 0.080189 0.312954
1 0.322524 0.345364 0.088443 0.393953
2 0.743514 0.334319 0.064858 0.349772
2 0.245283 0.319591 0.061321 0.386590
3 0.810731 0.360091 0.069575 0.290863
3 0.199882 0.339841 0.055425 0.279817
4 0.859080 0.258842 0.048349 0.235636
4 0.161557 0.330637 0.037736 0.283499
5 0.127358 0.273569 0.035377 0.206181
6 0.094340 0.251478 0.030660 0.191454
0 0.494104 0.656477 0.082547 0.250363
0 0.408608 0.649113 0.086085 0.220908
1 0.581368 0.674886 0.087264 0.250363
1 0.328420 0.665681 0.079009 0.246681
2 0.667453 0.654636 0.080189 0.298226
2 0.254717 0.663840 0.066038 0.309272
3 0.746462 0.647272 0.077830 0.276135
3 0.198113 0.630704 0.047170 0.272454
4 0.804835 0.623341 0.043632 0.250363
4 0.158019 0.573636 0.033019 0.209863
5 0.843160 0.573636 0.030660 0.239317
5 0.126769 0.523932 0.031840 0.161999
6 0.869693 0.512886 0.024764 0.206181