0 0.545401 0.428632 0.128538 0.379547
0 0.412146 0.425388 0.137972 0.373059
1 0.659788 0.410790 0.097877 0.337375
1 0.297759 0.410790 0.090802 0.343863
2 0.748231 0.384838 0.079009 0.363327
2 0.216392 0.388082 0.067217 0.337375
3 0.807193 0.362130 0.060142 0.298447
3 0.166863 0.368618 0.057783 0.291959
4 0.855542 0.329691 0.041274 0.253031
4 0.125590 0.347533 0.036557 0.262763
5 0.897406 0.259945 0.044811 0.197883
5 0.089623 0.281031 0.035377 0.207615
0 0.525354 0.701127 0.079009 0.236811
0 0.442217 0.702749 0.087264 0.233567
1 0.608491 0.678419 0.084906 0.236811
1 0.354363 0.684907 0.083726 0.243299
2 0.686910 0.623272 0.074292 0.210859
2 0.281250 0.642736 0.060142 0.236811
3 0.752948 0.568124 0.060142 0.133004
3 0.221698 0.616784 0.056604 0.145979