0 0.512382 0.576449 0.156840 0.411888
0 0.334906 0.602972 0.172170 0.383805
1 0.625590 0.571768 0.095519 0.321397
1 0.197524 0.626375 0.097877 0.280833
2 0.712854 0.540565 0.079009 0.340120
2 0.104953 0.606092 0.084906 0.302675
3 0.775354 0.501560 0.067217 0.249629
3 0.047759 0.590491 0.057783 0.265231
4 0.820165 0.451634 0.038915 0.237148
4 0.014151 0.521843 0.028302 0.209064
5 0.860259 0.376746 0.043632 0.249629
0 0.488797 0.813596 0.095519 0.324518
0 0.396816 0.810476 0.093160 0.330758
1 0.577830 0.790194 0.080189 0.315157
1 0.287146 0.790194 0.097877 0.302675
2 0.662736 0.752749 0.091981 0.271472
2 0.194575 0.801115 0.082547 0.274592
3 0.734670 0.735587 0.080189 0.193462
3 0.107901 0.765231 0.076651 0.190342
4 0.789505 0.680981 0.055425 0.177861
4 0.048349 0.730907 0.040094 0.171620
5 0.841392 0.612333 0.043632 0.146657