0 0.590212 0.351681 0.178066 0.501631
0 0.408608 0.350475 0.178066 0.489573
1 0.732901 0.328770 0.107311 0.417222
1 0.262382 0.316712 0.107311 0.431692
2 0.834316 0.286565 0.095519 0.438928
2 0.162736 0.263654 0.089623 0.441339
3 0.912736 0.252802 0.082547 0.400340
3 0.087854 0.204568 0.071934 0.390694
4 0.969929 0.213009 0.057783 0.364165
4 0.034198 0.167187 0.056604 0.325578
0 0.575472 0.771315 0.101415 0.337637
0 0.477594 0.768903 0.099057 0.332813
1 0.676297 0.768903 0.097877 0.361753
1 0.374410 0.765286 0.107311 0.344872
2 0.778892 0.784367 0.102594 0.431266
2 0.266509 0.783374 0.108491 0.409987
3 0.867925 0.776138 0.094340 0.395517
3 0.178656 0.732728 0.095519 0.356930
4 0.935731 0.735140 0.081368 0.352107
4 0.110259 0.694141 0.090802 0.352107
5 0.977594 0.651936 0.044811 0.330401
5 0.047759 0.616967 0.074292 0.279756
6 0.028302 0.496382 0.056604 0.241169