0 0.564269 0.354435 0.140330 0.361792
0 0.420401 0.344542 0.142689 0.370272
1 0.691038 0.334650 0.115566 0.361792
1 0.295401 0.324757 0.107311 0.313742
2 0.789505 0.293665 0.081368 0.426802
2 0.204009 0.296492 0.075472 0.342007
3 0.840212 0.319104 0.048349 0.296783
3 0.153892 0.296492 0.036557 0.274171
4 0.886792 0.320517 0.044811 0.209161
4 0.123821 0.283772 0.028302 0.209161
5 0.088443 0.262574 0.037736 0.223294
6 0.929245 0.262574 0.035377 0.155458
6 0.056604 0.230069 0.023585 0.146978
0 0.512972 0.793956 0.082547 0.353313
0 0.425118 0.803849 0.093160 0.356139
1 0.602594 0.795370 0.096698 0.350486
1 0.334906 0.779824 0.084906 0.336354
2 0.696344 0.764278 0.088443 0.390057
2 0.248821 0.755799 0.082547 0.373098
3 0.769458 0.723294 0.062500 0.291130
3 0.189858 0.695029 0.075472 0.262865
4 0.799528 0.689376 0.042453 0.172417
4 0.159788 0.644152 0.055425 0.206335
5 0.841981 0.635672 0.070755 0.223294
5 0.117335 0.594688 0.069575 0.226120
6 0.892099 0.573489 0.067217 0.183723
6 0.078420 0.519786 0.057783 0.172417
7 0.901533 0.470322 0.048349 0.096101
7 0.086675 0.416618 0.053066 0.090448