0 0.555425 0.388683 0.139151 0.373909
0 0.403302 0.387256 0.146226 0.399598
1 0.681014 0.345869 0.109670 0.408161
1 0.276533 0.381548 0.107311 0.388181
2 0.779481 0.343015 0.087264 0.396743
2 0.195165 0.397246 0.076651 0.356784
3 0.853184 0.374412 0.057783 0.225487
3 0.130896 0.381548 0.049528 0.256884
4 0.902123 0.343015 0.047170 0.225487
4 0.101415 0.390111 0.051887 0.222633
6 0.953420 0.278794 0.048349 0.182673
6 0.041863 0.337307 0.050708 0.162693
0 0.543042 0.809688 0.097877 0.371055
0 0.443986 0.801125 0.095519 0.342512
1 0.643868 0.805407 0.101415 0.345367
1 0.349057 0.815397 0.094340 0.336804
2 0.740566 0.771156 0.094340 0.328241
2 0.258844 0.811115 0.083726 0.351075
3 0.818396 0.705507 0.089623 0.265447
3 0.195165 0.715497 0.088443 0.256884
4 0.870283 0.612744 0.070755 0.188382
4 0.135024 0.649849 0.050708 0.234050
6 0.922759 0.515698 0.062500 0.131296