0 0.518868 0.309519 0.129717 0.432019
0 0.393868 0.313446 0.117925 0.432019
1 0.620283 0.268281 0.075472 0.349542
1 0.299528 0.299700 0.070755 0.310268
2 0.708726 0.282027 0.103774 0.392744
2 0.220519 0.311483 0.089623 0.388817
3 0.783019 0.291845 0.070755 0.318123
3 0.155071 0.331120 0.045991 0.333833
4 0.837854 0.270245 0.055425 0.306341
4 0.116745 0.307555 0.028302 0.302413
5 0.089623 0.264353 0.028302 0.231719
0 0.492925 0.602114 0.080189 0.161025
0 0.415684 0.611932 0.074292 0.172808
1 0.576061 0.553020 0.083726 0.235647
1 0.337264 0.572658 0.080189 0.219937
2 0.658608 0.515710 0.079009 0.223864
2 0.266509 0.553020 0.061321 0.219937
3 0.736439 0.511782 0.069575 0.168880
3 0.204599 0.543202 0.055425 0.184590