0 0.580778 0.456964 0.149764 0.606096
0 0.426887 0.439032 0.155660 0.627614
1 0.699292 0.399582 0.103774 0.555887
1 0.301297 0.442618 0.093160 0.505677
2 0.782429 0.299164 0.079009 0.584577
2 0.213443 0.369098 0.082547 0.552300
3 0.847288 0.202332 0.050708 0.383741
3 0.150354 0.297370 0.045991 0.473400
4 0.886792 0.125225 0.023585 0.236700
4 0.117925 0.175434 0.018868 0.229527
7 0.089033 0.248954 0.036557 0.132695
6 0.099057 0.352959 0.047170 0.132695
5 0.138561 0.514345 0.062500 0.168559
0 0.413325 0.718768 0.079009 0.290496
0 0.502948 0.716975 0.079009 0.279736
1 0.584906 0.722355 0.075472 0.254632
2 0.339033 0.736700 0.064858 0.247459
2 0.675118 0.706216 0.095519 0.236700
3 0.263561 0.700836 0.081368 0.247459