0 0.583137 0.293590 0.137972 0.372487
0 0.441038 0.286472 0.136792 0.344017
1 0.683962 0.363580 0.084906 0.303684
1 0.340212 0.322060 0.093160 0.291821
2 0.756486 0.400354 0.090802 0.301311
2 0.263561 0.376628 0.088443 0.320291
3 0.813090 0.408658 0.064858 0.260978
3 0.204599 0.399168 0.069575 0.284704
4 0.855542 0.413403 0.041274 0.223018
4 0.157429 0.402726 0.041274 0.244371
5 0.887382 0.365952 0.022406 0.147097
5 0.116156 0.370697 0.043632 0.204038
6 0.906250 0.310198 0.027123 0.158959
6 0.065448 0.300708 0.057783 0.230135
0 0.550708 0.719459 0.084906 0.351134
0 0.462264 0.724204 0.091981 0.341644
1 0.642689 0.718273 0.099057 0.348762
1 0.369104 0.713528 0.091981 0.358252
2 0.716392 0.694547 0.074292 0.348762
2 0.286557 0.688616 0.075472 0.332154
3 0.781840 0.673195 0.061321 0.253861
3 0.226415 0.649469 0.070755 0.277586
4 0.835495 0.624558 0.062500 0.161332
4 0.165684 0.616254 0.071934 0.182685
5 0.905071 0.562872 0.088443 0.213528
5 0.098467 0.578293 0.081368 0.192175
6 0.942217 0.452549 0.051887 0.163705
7 0.057193 0.476275 0.055425 0.111509