0 0.571934 0.531902 0.174528 0.413202
0 0.405660 0.512153 0.160377 0.422316
1 0.714623 0.493924 0.108491 0.422316
1 0.270047 0.449869 0.108491 0.419278
2 0.813090 0.446831 0.088443 0.461813
2 0.176297 0.401257 0.079009 0.437508
3 0.886203 0.425563 0.055425 0.388896
3 0.107901 0.363279 0.055425 0.373704
4 0.932783 0.413410 0.047170 0.309901
4 0.060731 0.300995 0.038915 0.328131
0 0.552476 0.730907 0.097877 0.221792
0 0.456368 0.730907 0.096698 0.215716
1 0.645637 0.715716 0.090802 0.252174
1 0.357311 0.689890 0.099057 0.255213
2 0.732901 0.718754 0.081368 0.209639
2 0.270637 0.702043 0.071934 0.170142
3 0.810142 0.683814 0.070755 0.218754
3 0.202241 0.633683 0.064858 0.191410