0 0.685142 0.274394 0.186321 0.478186
0 0.501179 0.257228 0.176887 0.497804
1 0.853774 0.264585 0.148585 0.458569
1 0.356722 0.240063 0.145047 0.463473
2 0.963443 0.275620 0.073113 0.431594
2 0.232901 0.233932 0.128538 0.426689
3 0.125000 0.197890 0.087264 0.395780
4 0.049528 0.181209 0.066038 0.355575
0 0.660967 0.680240 0.149764 0.387454
0 0.518278 0.676561 0.135613 0.380097
1 0.806604 0.701084 0.141509 0.438951
1 0.396226 0.697405 0.139151 0.441403
2 0.919811 0.708440 0.115566 0.434046
2 0.280660 0.650813 0.127358 0.456116
3 0.181604 0.605446 0.136792 0.380097
4 0.101415 0.517166 0.099057 0.311434
6 0.025943 0.411719 0.051886 0.203536