0 0.566627 0.402876 0.126179 0.487523
0 0.438679 0.404781 0.132075 0.529419
1 0.675708 0.391450 0.087264 0.472288
1 0.321344 0.389546 0.100236 0.430391
2 0.755896 0.400972 0.073113 0.460861
2 0.231132 0.400972 0.075472 0.460861
3 0.806604 0.414303 0.033019 0.327554
3 0.176297 0.427633 0.045991 0.346598
4 0.834316 0.364789 0.029481 0.319937
4 0.133255 0.404781 0.040094 0.331363
5 0.859670 0.347649 0.025943 0.224718
5 0.091392 0.389546 0.041274 0.247570
7 0.888561 0.256239 0.024764 0.201865
7 0.043632 0.322892 0.035377 0.152351
0 0.536557 0.753283 0.077830 0.358025
0 0.456368 0.743761 0.077830 0.354216
1 0.614387 0.755188 0.073113 0.316128
1 0.379127 0.757092 0.079009 0.327554
2 0.685731 0.728526 0.071934 0.346598
2 0.300118 0.739953 0.081368 0.346598
3 0.749410 0.696152 0.060142 0.243761
3 0.231132 0.734239 0.075472 0.289467
4 0.795401 0.665682 0.034198 0.190439
4 0.170401 0.688534 0.045991 0.220909
5 0.836085 0.608550 0.035377 0.159968
5 0.121462 0.621881 0.051887 0.201865