0 0.683373 0.559461 0.175708 0.622778
0 0.510024 0.551637 0.168632 0.638425
1 0.831368 0.582933 0.120283 0.475689
1 0.362028 0.553202 0.129717 0.535151
2 0.945755 0.643959 0.108490 0.478819
2 0.234670 0.531295 0.125000 0.478819
3 0.147406 0.515648 0.077830 0.416228
4 0.094929 0.481223 0.048349 0.322342
0 0.553066 0.208953 0.082547 0.203420
0 0.663915 0.237119 0.087264 0.165865
1 0.774764 0.321616 0.094340 0.253492
1 0.445165 0.219907 0.109670 0.269140
2 0.880896 0.371689 0.094340 0.297306
2 0.321344 0.202694 0.123821 0.322342
3 0.216392 0.240249 0.086085 0.234715