0 0.539505 0.377839 0.145047 0.509002
0 0.396226 0.370568 0.141509 0.482825
1 0.662736 0.354571 0.099057 0.468282
1 0.278302 0.329848 0.094340 0.471191
2 0.749410 0.331302 0.100236 0.462465
2 0.197524 0.294945 0.093160 0.465374
3 0.817217 0.325485 0.080189 0.375208
3 0.128538 0.274585 0.068396 0.383933
4 0.875000 0.296399 0.075472 0.328670
4 0.088443 0.262950 0.049528 0.325762
5 0.945165 0.277493 0.062500 0.302493
5 0.043042 0.255679 0.045991 0.299584
0 0.485259 0.718144 0.090802 0.421745
0 0.396816 0.709418 0.086085 0.410111
1 0.577241 0.744321 0.090802 0.433379
1 0.313679 0.719598 0.080189 0.389750
2 0.666863 0.731233 0.088443 0.465374
2 0.234080 0.715235 0.081368 0.439196
3 0.743514 0.670152 0.062500 0.302493
3 0.176887 0.632341 0.061321 0.308310
4 0.806604 0.614889 0.066038 0.238504
4 0.129717 0.575623 0.056604 0.229778
6 0.889151 0.565443 0.084906 0.232687
6 0.081958 0.517452 0.062500 0.189058