0 0.686321 0.525490 0.191038 0.678683
0 0.501769 0.515932 0.178066 0.697801
1 0.847288 0.466544 0.128538 0.618143
1 0.351415 0.492034 0.117925 0.656379
2 0.955189 0.413970 0.089622 0.576721
2 0.234080 0.447426 0.119104 0.656379
3 0.137382 0.431494 0.071934 0.535299
4 0.080189 0.367768 0.058962 0.490691
5 0.025354 0.245096 0.050708 0.366425
0 0.632075 0.936524 0.132075 0.111521
0 0.506486 0.942896 0.119104 0.111521
1 0.760024 0.909440 0.123821 0.140197
1 0.392099 0.938789 0.112028 0.122422
2 0.876179 0.839341 0.103774 0.178433
3 0.964623 0.793140 0.070754 0.162502
2 0.285377 0.915813 0.080189 0.146570
3 0.204599 0.829783 0.081368 0.114707
4 0.143278 0.748532 0.062500 0.213482