0 0.585495 0.252435 0.112028 0.411051
0 0.468750 0.277347 0.119104 0.392367
1 0.688090 0.244650 0.090802 0.345657
1 0.359670 0.269562 0.096698 0.333201
2 0.767689 0.225966 0.073113 0.351885
2 0.265920 0.241536 0.090802 0.364341
3 0.815448 0.280461 0.055425 0.330087
3 0.201651 0.302259 0.063679 0.336315
4 0.853774 0.303816 0.047170 0.264692
4 0.153892 0.314716 0.060142 0.298946
5 0.894458 0.325615 0.053066 0.264692
5 0.099057 0.327172 0.051887 0.274034
7 0.939858 0.339628 0.035377 0.199298
7 0.058373 0.325615 0.031840 0.233552
0 0.558962 0.632346 0.070755 0.255350
0 0.481722 0.635460 0.081368 0.267806
1 0.635613 0.623004 0.077830 0.280262
1 0.407429 0.641688 0.079009 0.280262
2 0.709906 0.633903 0.087264 0.364341
2 0.323113 0.694627 0.089623 0.398595
3 0.771816 0.623004 0.067217 0.305174
3 0.255896 0.635460 0.073113 0.274034
4 0.814858 0.615219 0.063679 0.264692
4 0.202241 0.638574 0.069575 0.249122
5 0.861439 0.637017 0.064858 0.239780
5 0.152712 0.649473 0.067217 0.202412
6 0.916274 0.633903 0.042453 0.227324
6 0.103774 0.608991 0.061321 0.171271