0 0.446934 0.601371 0.179245 0.388352
0 0.280660 0.607082 0.183962 0.394063
1 0.593160 0.647060 0.134434 0.388352
1 0.146816 0.652771 0.121462 0.371219
2 0.701651 0.647060 0.110849 0.388352
2 0.051297 0.652771 0.088443 0.382641
3 0.783608 0.651343 0.093160 0.356941
4 0.839623 0.675615 0.073113 0.319819
0 0.404481 0.281552 0.110849 0.177043
0 0.291863 0.284408 0.112028 0.165621
1 0.518868 0.291546 0.113208 0.139921
2 0.617925 0.342946 0.080189 0.128499
3 0.696344 0.362935 0.074292 0.088521
4 0.766509 0.405768 0.063679 0.111366