0 0.548349 0.274173 0.134434 0.431388
0 0.411557 0.274173 0.134434 0.431388
1 0.662736 0.261144 0.089623 0.376379
1 0.297759 0.252458 0.093160 0.382169
2 0.741745 0.264039 0.087264 0.405331
2 0.210495 0.253906 0.081368 0.419807
3 0.801297 0.294439 0.060142 0.327160
3 0.144458 0.256801 0.053066 0.356112
4 0.833137 0.298782 0.034198 0.295313
4 0.119104 0.292992 0.033019 0.266361
5 0.875000 0.265487 0.051887 0.269256
5 0.097288 0.266935 0.038915 0.248989
6 0.910967 0.201792 0.029481 0.228723
6 0.067217 0.226401 0.042453 0.243199
0 0.520637 0.746094 0.090802 0.385065
0 0.427476 0.743199 0.090802 0.379274
1 0.610849 0.730170 0.089623 0.364798
1 0.341392 0.728723 0.095519 0.373484
2 0.696344 0.705561 0.081368 0.408227
2 0.250590 0.744646 0.083726 0.428493
3 0.773585 0.683847 0.070755 0.359008
3 0.176887 0.714247 0.066038 0.332951
4 0.819575 0.627390 0.070755 0.263465
4 0.158608 0.623047 0.064858 0.272151
5 0.868514 0.579619 0.067217 0.214247
5 0.113797 0.596990 0.057783 0.231618
6 0.903302 0.492762 0.042453 0.156342
6 0.088443 0.520267 0.047170 0.159237