0 0.550118 0.505562 0.156840 0.504243
0 0.396226 0.512977 0.148585 0.496828
1 0.678066 0.446239 0.094340 0.407844
1 0.280071 0.511123 0.081368 0.396721
2 0.757075 0.375793 0.073113 0.444920
2 0.201651 0.448093 0.073113 0.441213
3 0.829599 0.299786 0.069575 0.389305
3 0.145047 0.394331 0.073113 0.318860
4 0.890330 0.214509 0.054245 0.344813
4 0.102005 0.336862 0.038915 0.248414
5 0.935142 0.136648 0.035377 0.240999
6 0.066038 0.229340 0.028302 0.211337
0 0.543042 0.716899 0.090802 0.304029
0 0.452830 0.718753 0.089623 0.300321
1 0.632075 0.709483 0.084906 0.222460
1 0.363797 0.748414 0.086085 0.203922