0 0.564858 0.418637 0.143868 0.457019
0 0.420991 0.416906 0.143868 0.446632
1 0.687500 0.382283 0.103774 0.446632
1 0.301887 0.387476 0.094340 0.394698
2 0.786557 0.366703 0.091981 0.380849
2 0.204599 0.377090 0.090802 0.373925
3 0.857901 0.297458 0.053066 0.263132
3 0.140920 0.306113 0.050708 0.259670
4 0.899764 0.236868 0.033019 0.141953
4 0.100825 0.248986 0.034198 0.152340
0 0.541863 0.702542 0.086085 0.311604
0 0.452830 0.700811 0.087264 0.301217
1 0.630307 0.681769 0.090802 0.297755
1 0.365566 0.690425 0.089623 0.287368
2 0.717571 0.636759 0.081368 0.263132
2 0.277712 0.681769 0.083726 0.325453
3 0.795401 0.598675 0.076651 0.263132
3 0.201651 0.622910 0.066038 0.256208
4 0.859080 0.512118 0.048349 0.173113
4 0.143278 0.536354 0.053066 0.193887