0 0.508844 0.436191 0.161557 0.340317
0 0.346698 0.437203 0.162736 0.346394
1 0.639151 0.446319 0.096698 0.255238
1 0.219929 0.455435 0.093160 0.245109
2 0.730542 0.446319 0.083726 0.271443
2 0.129127 0.475692 0.088443 0.245109
3 0.800118 0.447332 0.055425 0.228904
3 0.056014 0.457460 0.060142 0.196493
4 0.842571 0.433152 0.050708 0.176236
4 0.011792 0.442268 0.023584 0.149902
6 0.898585 0.396689 0.040094 0.119516
0 0.474646 0.716750 0.095519 0.273469
0 0.383255 0.713711 0.082547 0.267392
1 0.575472 0.709660 0.101415 0.271443
1 0.293042 0.708647 0.095519 0.273469
2 0.682783 0.717762 0.113208 0.295752
2 0.193396 0.725865 0.103774 0.320060
3 0.785967 0.674210 0.088443 0.237007
3 0.089033 0.696493 0.104953 0.261315
4 0.869693 0.627619 0.083726 0.208647
4 0.022406 0.625593 0.044811 0.143825