0 0.568986 0.419777 0.137972 0.423244
0 0.428066 0.414245 0.139151 0.423244
1 0.684552 0.412862 0.095519 0.343021
1 0.309552 0.408712 0.095519 0.395581
2 0.762972 0.392114 0.084906 0.417711
2 0.232311 0.386582 0.080189 0.423244
3 0.834906 0.394881 0.058962 0.323657
3 0.165094 0.385199 0.054245 0.287695
4 0.877358 0.412862 0.047170 0.254499
4 0.124410 0.376900 0.041274 0.243434
5 0.923939 0.383815 0.048349 0.235135
5 0.080778 0.336788 0.045991 0.240668
7 0.970519 0.331256 0.044811 0.196407
7 0.035967 0.259332 0.041274 0.185342
0 0.538915 0.761415 0.087264 0.331956
0 0.447524 0.754499 0.093160 0.340255
1 0.630307 0.751733 0.093160 0.340255
1 0.352594 0.755883 0.096698 0.365151
2 0.709316 0.755883 0.090802 0.387282
2 0.272995 0.735135 0.093160 0.373450
3 0.772406 0.714388 0.077830 0.282162
3 0.199292 0.677043 0.084906 0.295994
4 0.830189 0.683959 0.051887 0.248967
4 0.152123 0.641081 0.058962 0.235135
5 0.890920 0.634165 0.067217 0.210239
5 0.107901 0.598204 0.050708 0.210239
7 0.948113 0.523514 0.054245 0.121717
7 0.074292 0.515215 0.054245 0.149380