0 0.610259 0.408561 0.149764 0.402825
0 0.455778 0.406090 0.154481 0.412710
1 0.737618 0.406090 0.100236 0.358341
1 0.321934 0.420918 0.108491 0.358341
2 0.825472 0.383848 0.075472 0.392940
2 0.224646 0.401147 0.081368 0.402825
3 0.879717 0.382612 0.047170 0.321272
3 0.158608 0.391262 0.064858 0.353399
4 0.916274 0.380141 0.042453 0.252075
4 0.106132 0.369020 0.049528 0.269374
5 0.947524 0.369020 0.045991 0.239718
5 0.048939 0.357899 0.062500 0.286673
6 0.982901 0.322065 0.027123 0.155693
6 0.008844 0.334422 0.017688 0.190292
0 0.485849 0.696470 0.096698 0.360813
0 0.583726 0.703884 0.099057 0.336099
1 0.679245 0.705120 0.094340 0.338571
1 0.386203 0.687820 0.102594 0.343513
2 0.766509 0.702648 0.080189 0.383055
2 0.287146 0.713769 0.093160 0.370698
3 0.825472 0.660636 0.061321 0.249603
3 0.209316 0.668050 0.086085 0.289144
4 0.878538 0.640865 0.044811 0.205120
4 0.141509 0.639630 0.070755 0.232304
5 0.923939 0.612445 0.045991 0.177935
5 0.070755 0.593910 0.068396 0.180406
7 0.965802 0.549426 0.042453 0.106267
7 0.019458 0.534598 0.034198 0.121095