0 0.561321 0.285257 0.127358 0.362795
0 0.431604 0.285257 0.129717 0.368131
1 0.669222 0.270585 0.083726 0.322781
1 0.318986 0.299929 0.088443 0.280099
2 0.747052 0.255913 0.067217 0.330784
2 0.237618 0.258581 0.071934 0.352125
3 0.802476 0.229237 0.060142 0.250756
3 0.185731 0.222568 0.057783 0.264094
4 0.839623 0.206563 0.037736 0.189401
4 0.137972 0.189223 0.042453 0.202739
5 0.873231 0.185222 0.029481 0.109372
5 0.104363 0.155878 0.031840 0.130713
0 0.533019 0.805442 0.075472 0.277432
0 0.454599 0.820114 0.081368 0.269429
1 0.604363 0.734750 0.083726 0.264094
1 0.379127 0.760092 0.079009 0.256091
2 0.680425 0.725413 0.073113 0.266761
2 0.302476 0.701405 0.074292 0.234750
3 0.731132 0.644051 0.075472 0.221412
3 0.248821 0.620043 0.058962 0.189401
4 0.777123 0.565357 0.063679 0.181398
4 0.202830 0.540014 0.054245 0.162724
5 0.818986 0.478659 0.048349 0.146719
5 0.165094 0.462653 0.047170 0.120043