0 0.598467 0.328958 0.187500 0.505422
0 0.417453 0.364399 0.179245 0.508504
1 0.747052 0.330499 0.109670 0.446867
1 0.275354 0.389054 0.107311 0.434540
2 0.850825 0.304303 0.097877 0.523913
2 0.178066 0.355153 0.091981 0.526995
3 0.924528 0.285812 0.049528 0.351330
3 0.112028 0.361317 0.049528 0.323593
4 0.965802 0.267321 0.044811 0.332839
4 0.064269 0.285812 0.045991 0.265038
0 0.627948 0.698779 0.116745 0.221893
0 0.512972 0.706483 0.113208 0.268120
1 0.745873 0.643306 0.104953 0.191074
1 0.392689 0.709565 0.106132 0.187992
2 0.846108 0.612487 0.079009 0.110946
2 0.285967 0.664879 0.100236 0.129437