0 0.498231 0.267918 0.130896 0.299619
0 0.366745 0.264234 0.129717 0.302075
1 0.606132 0.272830 0.084906 0.260324
1 0.261203 0.253183 0.076651 0.284883
2 0.688679 0.275286 0.075472 0.270148
2 0.192217 0.261779 0.058962 0.257869
3 0.751179 0.301073 0.056604 0.248045
3 0.147995 0.281426 0.041274 0.208751
4 0.804245 0.305985 0.051887 0.203839
4 0.111439 0.292477 0.031840 0.176824
5 0.857311 0.282654 0.054245 0.201383
5 0.087264 0.310896 0.023585 0.135074
7 0.906840 0.259323 0.037736 0.144898
0 0.492925 0.767692 0.075472 0.154721
0 0.415094 0.764008 0.082547 0.152265
1 0.573113 0.761552 0.084906 0.147353
1 0.334316 0.745589 0.074292 0.169457
2 0.655071 0.730854 0.081368 0.164545
2 0.270637 0.721030 0.074292 0.213663
3 0.716981 0.709979 0.070755 0.157177
3 0.220519 0.695243 0.066038 0.162089
4 0.779481 0.687876 0.066038 0.127706
4 0.164505 0.669457 0.069575 0.120339
5 0.121462 0.608059 0.061321 0.125250