0 0.542453 0.391232 0.205189 0.432482
0 0.339623 0.405475 0.188679 0.445431
1 0.721698 0.393822 0.150943 0.473918
1 0.172170 0.379578 0.143868 0.341842
2 0.839033 0.334258 0.086085 0.416944
2 0.059552 0.340733 0.079009 0.248613
3 0.903302 0.274695 0.044811 0.261561
3 0.012382 0.301887 0.024764 0.170921
4 0.951061 0.229375 0.062500 0.181280
0 0.504127 0.868479 0.121462 0.263041
0 0.377358 0.856826 0.129717 0.286348
1 0.622642 0.847762 0.117925 0.304476
1 0.250590 0.829634 0.123821 0.340732
2 0.728774 0.825749 0.108491 0.348502
2 0.141509 0.795228 0.089623 0.401406
3 0.810142 0.718831 0.103774 0.300407
3 0.066038 0.669626 0.103774 0.336663
4 0.882665 0.608768 0.060142 0.292638
5 0.951651 0.487051 0.080189 0.287458