0 0.563679 0.530993 0.136792 0.502416
0 0.425708 0.548937 0.139151 0.473054
1 0.676297 0.496738 0.093160 0.440430
1 0.304245 0.491844 0.101415 0.450217
2 0.758255 0.434751 0.068396 0.512203
2 0.217571 0.426595 0.067217 0.417593
3 0.802476 0.449432 0.043632 0.319719
3 0.158019 0.411914 0.047170 0.362131
4 0.840212 0.411914 0.034198 0.244683
4 0.120283 0.353190 0.028302 0.277308
6 0.089033 0.273260 0.029481 0.182697
0 0.531840 0.829507 0.082547 0.146810
0 0.448113 0.831138 0.075472 0.123973
1 0.615566 0.795251 0.084906 0.182697
1 0.357901 0.767520 0.086085 0.172909