0 0.570755 0.327733 0.150943 0.452365
0 0.418042 0.338253 0.154481 0.441845
1 0.689269 0.302748 0.107311 0.407654
1 0.292453 0.335623 0.094340 0.383984
2 0.781250 0.306693 0.090802 0.441845
2 0.212854 0.348773 0.086085 0.410284
3 0.842571 0.360609 0.057783 0.339274
3 0.156250 0.401374 0.048349 0.310343
4 0.889741 0.360609 0.055425 0.297193
4 0.114387 0.393484 0.044811 0.299823
5 0.934552 0.354033 0.048349 0.263003
5 0.078420 0.384279 0.043632 0.265633
6 0.974057 0.311953 0.033019 0.231442
6 0.044811 0.347458 0.023585 0.228812
0 0.545991 0.677527 0.087264 0.373464
0 0.458726 0.680157 0.082547 0.368204
1 0.636792 0.677527 0.094340 0.368204
1 0.367925 0.681472 0.094340 0.370834
2 0.730542 0.686732 0.093160 0.428694
2 0.283608 0.702512 0.093160 0.381354
3 0.802476 0.689362 0.071934 0.344534
3 0.205778 0.690677 0.062500 0.299823
4 0.859080 0.677527 0.060142 0.289303
4 0.159198 0.670952 0.054245 0.223552
5 0.915684 0.639391 0.079009 0.260373
5 0.102594 0.665692 0.077830 0.255113
6 0.972288 0.565751 0.045991 0.223552
6 0.053656 0.610461 0.048349 0.181472