0 0.663915 0.286215 0.200472 0.572430
0 0.373231 0.281954 0.211085 0.563908
1 0.847877 0.279869 0.167453 0.499909
1 0.186910 0.253550 0.161557 0.507100
2 0.958137 0.315374 0.083726 0.343688
2 0.051887 0.252886 0.103774 0.440261
0 0.505896 0.771258 0.120283 0.437421
0 0.399764 0.782619 0.125000 0.414697
1 0.630896 0.776274 0.122642 0.447452
1 0.274764 0.756391 0.127358 0.487218
2 0.769458 0.753550 0.149764 0.492899
2 0.132075 0.713030 0.160377 0.559558
3 0.894458 0.693147 0.137972 0.445942
3 0.042453 0.653381 0.084906 0.377772
4 0.972877 0.610775 0.054245 0.252795