0 0.551887 0.466152 0.150943 0.259503
0 0.387382 0.460510 0.163915 0.270786
1 0.688090 0.472921 0.114387 0.241450
1 0.244104 0.442458 0.122642 0.252733
2 0.804245 0.506770 0.115566 0.236937
2 0.126769 0.439073 0.100236 0.277555
3 0.892099 0.503385 0.064858 0.198576
3 0.053656 0.435688 0.050708 0.239194
4 0.939858 0.486461 0.028302 0.160215
4 0.017689 0.419893 0.023585 0.171498
6 0.972288 0.458254 0.029481 0.103801
0 0.542453 0.657958 0.103774 0.110571
0 0.435731 0.659087 0.102594 0.117340
1 0.648585 0.668113 0.108491 0.135393
1 0.331958 0.652317 0.107311 0.108314
2 0.756486 0.654573 0.107311 0.185037
2 0.224057 0.644419 0.103774 0.155702
3 0.847877 0.668113 0.077830 0.144419
3 0.137972 0.636521 0.075472 0.171498
4 0.905071 0.662471 0.055425 0.115084
4 0.090802 0.632008 0.054245 0.126367