0 0.528302 0.305009 0.132075 0.271595
0 0.387972 0.301527 0.125000 0.297129
1 0.645047 0.269028 0.101415 0.269273
1 0.266509 0.301527 0.108491 0.278559
2 0.735259 0.241173 0.079009 0.269273
2 0.178066 0.256261 0.077830 0.304093
3 0.801297 0.214477 0.055425 0.215883
3 0.117335 0.219120 0.053066 0.225168
4 0.854363 0.213317 0.050708 0.194991
4 0.076651 0.180818 0.030660 0.148565
5 0.893278 0.220281 0.029481 0.143922
0 0.526533 0.696152 0.081368 0.213562
0 0.439858 0.682224 0.082547 0.213562
1 0.610849 0.688027 0.087264 0.243739
1 0.348467 0.677581 0.093160 0.194991
2 0.701651 0.645083 0.087264 0.204276
2 0.263561 0.631155 0.074292 0.157850
3 0.780071 0.583568 0.086085 0.192670
3 0.198113 0.564997 0.056604 0.136958
4 0.163915 0.477947 0.082547 0.116066