0 0.531250 0.267293 0.211085 0.534586
0 0.310731 0.262352 0.225236 0.524704
1 0.720519 0.160240 0.167453 0.320480
1 0.121462 0.189885 0.150943 0.379770
2 0.854363 0.132241 0.097877 0.264482
2 0.023585 0.148711 0.047170 0.297422
3 0.938679 0.094361 0.075472 0.188722
0 0.515920 0.790351 0.133255 0.419298
0 0.377358 0.786574 0.141509 0.411744
1 0.663915 0.784927 0.148585 0.428213
1 0.222877 0.773881 0.146226 0.452238
2 0.795401 0.727766 0.109670 0.544468
2 0.089033 0.722825 0.121462 0.554350
3 0.898585 0.747530 0.117925 0.504940
3 0.020637 0.705872 0.041274 0.368922
4 0.964623 0.641640 0.070754 0.391980