0 0.716981 0.797105 0.169811 0.267002
0 0.533019 0.791870 0.179245 0.251296
1 0.859080 0.825899 0.114387 0.277473
1 0.388561 0.815429 0.107311 0.240825
2 0.958137 0.808885 0.083726 0.248678
2 0.283019 0.820664 0.103774 0.230355
3 0.195165 0.831135 0.071934 0.204178
4 0.136203 0.863855 0.048349 0.143972
0 0.708726 0.354720 0.117925 0.251296
0 0.580778 0.354720 0.135613 0.256531
1 0.824292 0.367808 0.113208 0.225119
1 0.451651 0.384823 0.125000 0.269620
2 0.923349 0.414926 0.084906 0.204178
2 0.339033 0.431941 0.102594 0.269620
3 0.981132 0.492147 0.037736 0.159678
3 0.270047 0.507853 0.084906 0.238208
4 0.215212 0.599471 0.053066 0.149207