0 0.568396 0.198220 0.186321 0.396439
0 0.377948 0.222337 0.189858 0.444673
1 0.724057 0.196801 0.127358 0.393602
1 0.221108 0.222337 0.123821 0.444673
2 0.829599 0.235104 0.114387 0.470208
2 0.119693 0.229430 0.114387 0.458859
3 0.896226 0.251738 0.099057 0.436941
3 0.055425 0.233296 0.084906 0.439779
5 0.972288 0.298553 0.055424 0.377358
5 0.014741 0.278692 0.029481 0.354660
0 0.554835 0.766314 0.114387 0.467371
0 0.439858 0.770570 0.113208 0.458859
1 0.669222 0.771989 0.112028 0.456022
1 0.327241 0.768123 0.109670 0.459640
2 0.774175 0.770570 0.095519 0.458859
2 0.227005 0.763477 0.109670 0.473046
3 0.858491 0.792240 0.101415 0.411406
3 0.141509 0.784757 0.117925 0.430486
4 0.940448 0.806036 0.119104 0.387927
4 0.057193 0.806426 0.114386 0.348986