0 0.557193 0.306181 0.121462 0.433786
0 0.433373 0.296951 0.126179 0.433786
1 0.658019 0.276954 0.084906 0.363027
1 0.328420 0.278492 0.081368 0.366103
2 0.736439 0.247727 0.069575 0.378409
2 0.249410 0.249265 0.071934 0.363027
3 0.797759 0.204656 0.055425 0.279961
3 0.185142 0.218500 0.054245 0.301497
4 0.841981 0.169276 0.033019 0.283038
4 0.142689 0.198503 0.033019 0.249196
5 0.873821 0.163123 0.033019 0.172284
5 0.108491 0.161585 0.033019 0.169207
0 0.534198 0.735352 0.073113 0.326109
0 0.460495 0.729199 0.074292 0.344568
1 0.606132 0.719970 0.070755 0.313803
1 0.383255 0.716893 0.077830 0.338415
2 0.687500 0.690743 0.087264 0.323032
2 0.306604 0.663054 0.073113 0.304573
3 0.774175 0.621522 0.090802 0.264579
3 0.230542 0.610754 0.074292 0.255349
4 0.816627 0.547686 0.060142 0.227661
4 0.188679 0.526150 0.047170 0.178437
5 0.856132 0.447700 0.054245 0.175360
5 0.136792 0.456929 0.054245 0.181513
7 0.891509 0.330793 0.056604 0.150748
7 0.106722 0.336946 0.041274 0.144595