0 0.741156 0.494469 0.213443 0.600138
0 0.530071 0.508297 0.211085 0.649919
1 0.910967 0.522125 0.159198 0.478451
1 0.342571 0.522125 0.163915 0.522700
2 0.199292 0.605093 0.148585 0.555888
3 0.102005 0.710186 0.079009 0.467388
4 0.042453 0.805600 0.042453 0.365061
5 0.010613 0.903779 0.021226 0.179765
0 0.731722 0.054333 0.135613 0.108666
0 0.589623 0.051567 0.148585 0.103134
1 0.870873 0.077841 0.137972 0.155681
1 0.441038 0.054333 0.146226 0.108666
2 0.970519 0.141853 0.058962 0.226780
2 0.301887 0.079224 0.129717 0.158447
3 0.201651 0.188869 0.115566 0.282092
4 0.126179 0.357571 0.087264 0.254436
5 0.046580 0.506914 0.076651 0.199124