0 0.586085 0.211799 0.186321 0.423215
0 0.396816 0.214299 0.187500 0.428598
1 0.742925 0.213097 0.127358 0.368690
1 0.238797 0.200019 0.123821 0.400038
2 0.850825 0.209202 0.088443 0.381672
2 0.125000 0.228675 0.099057 0.420618
3 0.924528 0.206606 0.056604 0.308973
3 0.050118 0.292287 0.074292 0.308973
4 0.974057 0.191027 0.042453 0.241466
0 0.531840 0.701222 0.117925 0.379076
0 0.410377 0.688240 0.120283 0.384268
1 0.656840 0.703818 0.129717 0.373883
1 0.297759 0.693432 0.128538 0.368690
2 0.773585 0.699923 0.103774 0.402443
2 0.187500 0.727186 0.117925 0.441389
3 0.846698 0.620733 0.096698 0.321955
3 0.099646 0.645399 0.079009 0.293394
4 0.897995 0.580489 0.074292 0.308973
4 0.051297 0.628522 0.055425 0.264834
5 0.953420 0.555823 0.067217 0.212905
5 0.017099 0.589576 0.034198 0.166170