0 0.567807 0.413979 0.112028 0.408233
0 0.449882 0.405232 0.119104 0.425729
1 0.665094 0.424185 0.084906 0.306175
1 0.345519 0.397942 0.082547 0.317839
2 0.737028 0.383362 0.075472 0.312007
2 0.276533 0.338165 0.071934 0.314923
3 0.791863 0.364408 0.055425 0.285763
3 0.215802 0.313379 0.047170 0.294511
4 0.845519 0.323585 0.049528 0.227444
5 0.165094 0.173413 0.054245 0.236192
0 0.559552 0.723070 0.071934 0.227444
0 0.484670 0.720154 0.073113 0.233276
1 0.640920 0.654545 0.074292 0.259520
1 0.406840 0.664751 0.080189 0.320755
2 0.706368 0.663293 0.075472 0.312007
2 0.326651 0.667667 0.080189 0.349914
3 0.765920 0.626844 0.060142 0.262436
3 0.261203 0.613722 0.069575 0.247856
4 0.804835 0.593310 0.034198 0.247856
4 0.218160 0.536449 0.049528 0.221612
5 0.179245 0.462093 0.056604 0.230360
6 0.863797 0.470840 0.074292 0.195369
7 0.153892 0.343997 0.057783 0.116638