0 0.561321 0.328618 0.143868 0.457018
0 0.416274 0.319354 0.143868 0.463194
1 0.669222 0.302371 0.093160 0.398347
1 0.300708 0.303915 0.084906 0.382907
2 0.758844 0.362586 0.086085 0.376731
2 0.213443 0.333250 0.089623 0.392171
3 0.820755 0.395009 0.068396 0.330412
3 0.155071 0.381114 0.060142 0.333500
4 0.879127 0.401185 0.050708 0.287180
4 0.110849 0.379570 0.044811 0.274828
5 0.922759 0.381114 0.048349 0.271740
5 0.073113 0.365674 0.044811 0.259389
6 0.958137 0.350234 0.022406 0.216157
6 0.044811 0.327074 0.014151 0.163662
0 0.525943 0.657486 0.084906 0.404523
0 0.438090 0.648222 0.086085 0.385995
1 0.616156 0.651310 0.093160 0.355115
1 0.350236 0.612711 0.089623 0.352027
2 0.704599 0.637414 0.081368 0.376731
2 0.262382 0.648222 0.086085 0.379819
3 0.774764 0.683734 0.082547 0.339676
3 0.191038 0.660574 0.073113 0.311884
4 0.836085 0.686822 0.068396 0.253213
4 0.137972 0.646678 0.063679 0.240861
5 0.895637 0.648222 0.079009 0.213069
5 0.089033 0.608079 0.067217 0.206893
6 0.942807 0.598815 0.045991 0.188366
6 0.047170 0.557127 0.047170 0.172926