0 0.698703 0.274364 0.152123 0.520444
0 0.549528 0.279305 0.143868 0.543502
1 0.825472 0.231543 0.103774 0.382098
1 0.416863 0.206355 0.116745 0.412710
2 0.917453 0.178357 0.080189 0.356713
2 0.318396 0.193179 0.080189 0.386358
3 0.979363 0.159076 0.041274 0.309631
3 0.247642 0.161887 0.058962 0.323774
4 0.209316 0.142606 0.038915 0.276692
5 0.163325 0.104726 0.050708 0.200931
0 0.655660 0.770104 0.094340 0.391980
0 0.561321 0.778339 0.094340 0.382098
1 0.752948 0.745399 0.100236 0.395274
1 0.454009 0.761869 0.103774 0.349159
2 0.853774 0.727283 0.101415 0.477623
2 0.361439 0.740458 0.097877 0.438095
3 0.919811 0.694343 0.087264 0.372216
3 0.288325 0.704225 0.088443 0.352453
4 0.964623 0.633405 0.070754 0.309631
5 0.239387 0.633405 0.058962 0.250340
6 0.191627 0.559291 0.081368 0.293162
7 0.143868 0.346831 0.068396 0.263516