0 0.652123 0.554514 0.186321 0.392501
0 0.464623 0.528036 0.183962 0.376925
1 0.810731 0.601240 0.130896 0.367580
1 0.296580 0.542054 0.137972 0.367580
2 0.928066 0.616816 0.103774 0.323969
2 0.172170 0.566974 0.108491 0.330199
3 0.986439 0.654197 0.027122 0.242977
3 0.087854 0.609028 0.076651 0.271012
4 0.040094 0.615258 0.058962 0.239862
0 0.619104 0.214970 0.120283 0.286588
0 0.492925 0.208739 0.127358 0.249207
1 0.742925 0.261696 0.117925 0.305278
1 0.360259 0.239890 0.133255 0.211826
2 0.860259 0.285059 0.114387 0.320854
2 0.238208 0.283502 0.108491 0.261667
3 0.950472 0.281944 0.091981 0.327084
3 0.140330 0.267926 0.101415 0.230516
4 0.089623 0.299077 0.066038 0.211826
5 0.033608 0.366051 0.048349 0.177560