0 0.530660 0.457417 0.134434 0.479055
0 0.396816 0.450320 0.126179 0.457764
1 0.645047 0.457417 0.091981 0.436472
1 0.285377 0.402415 0.089623 0.440021
2 0.726415 0.430803 0.075472 0.411632
2 0.205778 0.386446 0.071934 0.408084
3 0.791274 0.395318 0.056604 0.333564
3 0.148585 0.368703 0.042453 0.294530
4 0.840212 0.327895 0.041274 0.305176
4 0.110259 0.285312 0.041274 0.269690
5 0.875000 0.255150 0.033019 0.173879
0 0.482311 0.744850 0.080189 0.117102
0 0.569575 0.725333 0.082547 0.120651
1 0.396226 0.725333 0.075472 0.092262