0 0.579599 0.329775 0.178066 0.573671
0 0.400354 0.351221 0.178066 0.546864
1 0.729363 0.311010 0.119104 0.530780
1 0.252358 0.348540 0.117925 0.525419
2 0.831958 0.321733 0.081368 0.509334
2 0.160967 0.351221 0.074292 0.503973
3 0.897406 0.345859 0.063679 0.407467
3 0.113208 0.399473 0.061321 0.386022
4 0.951061 0.337817 0.062500 0.316323
4 0.085495 0.432982 0.045991 0.276113
5 0.984080 0.324414 0.031840 0.235902
0 0.524764 0.777453 0.108491 0.332408
0 0.416274 0.780134 0.106132 0.310962
1 0.633844 0.746625 0.109670 0.394064
1 0.323113 0.760029 0.080189 0.329727
2 0.734670 0.765390 0.094340 0.383341
2 0.240566 0.782815 0.084906 0.348492
3 0.822524 0.730541 0.079009 0.302920
3 0.183373 0.738583 0.060142 0.254667
4 0.898585 0.691671 0.070755 0.262709
4 0.136203 0.770751 0.045991 0.292197
5 0.957547 0.638056 0.054245 0.246625
5 0.113797 0.674246 0.029481 0.120632