0 0.734670 0.188216 0.247642 0.376431
0 0.490566 0.205489 0.240566 0.410977
1 0.929245 0.158984 0.141509 0.317968
1 0.297170 0.212132 0.143868 0.424264
2 0.153892 0.210803 0.142689 0.421606
3 0.049528 0.181572 0.089623 0.363144
0 0.683962 0.785670 0.150943 0.414554
0 0.533019 0.806470 0.150943 0.387060
1 0.841981 0.755110 0.160377 0.443785
1 0.379127 0.794971 0.159198 0.406582
2 0.960495 0.662101 0.079009 0.438470
2 0.224646 0.721893 0.149764 0.382665
3 0.106722 0.659444 0.121462 0.364063
4 0.060731 0.543847 0.093160 0.201962
5 0.030660 0.486713 0.061320 0.178046