0 0.549528 0.431225 0.113208 0.403051
0 0.432193 0.423228 0.114387 0.399852
1 0.653302 0.413632 0.091981 0.374262
1 0.330189 0.397638 0.061321 0.342274
2 0.728774 0.386442 0.061321 0.236713
2 0.241156 0.338460 0.088443 0.351870
3 0.780660 0.354454 0.061321 0.281496
3 0.172170 0.306471 0.047170 0.275098
4 0.824882 0.312869 0.024764 0.198327
4 0.135613 0.264887 0.025943 0.204724
5 0.853184 0.220103 0.029481 0.185531
5 0.106722 0.208907 0.029481 0.143947
0 0.518868 0.645546 0.070755 0.275098
0 0.446934 0.647146 0.070755 0.271900
1 0.591392 0.682333 0.067217 0.284695
1 0.367925 0.629552 0.066038 0.339075
2 0.665094 0.693529 0.075472 0.268701
2 0.294811 0.621555 0.070755 0.355069
3 0.732901 0.623155 0.060142 0.255906
3 0.224057 0.602362 0.070755 0.252707
4 0.788325 0.563976 0.045991 0.163140
4 0.167453 0.520792 0.044811 0.159941
5 0.830778 0.477608 0.041274 0.111959
5 0.123821 0.426427 0.044811 0.124754