0 0.577830 0.357102 0.155660 0.393296
0 0.417453 0.375456 0.165094 0.361832
1 0.704599 0.341371 0.097877 0.330369
1 0.281250 0.343993 0.104953 0.325125
2 0.803656 0.302041 0.097877 0.340857
2 0.175118 0.290242 0.102594 0.353966
3 0.870873 0.281065 0.071934 0.283173
3 0.103774 0.275821 0.073113 0.293661
4 0.916863 0.275821 0.050708 0.209758
4 0.050708 0.265333 0.044811 0.230734
6 0.972288 0.248291 0.045991 0.201892
6 0.011792 0.232559 0.023584 0.149452
0 0.540684 0.749087 0.102594 0.317259
0 0.441038 0.747776 0.099057 0.314637
1 0.637382 0.711069 0.097877 0.314637
1 0.346108 0.743844 0.102594 0.348722
2 0.728184 0.696648 0.095519 0.374942
2 0.252358 0.746465 0.099057 0.401162
3 0.816038 0.682227 0.084906 0.340857
3 0.163325 0.709758 0.081368 0.353966
4 0.872052 0.614056 0.067217 0.246465
4 0.100825 0.637654 0.076651 0.262197
6 0.952830 0.556372 0.066038 0.183538
5 0.032429 0.581281 0.064858 0.238600