0 0.566627 0.470583 0.123821 0.421131
0 0.410377 0.473679 0.122642 0.402551
1 0.678656 0.493807 0.100236 0.424227
1 0.303656 0.470583 0.086085 0.396358
2 0.768868 0.486066 0.080189 0.433517
2 0.222288 0.455100 0.074292 0.390165
3 0.833726 0.478324 0.073113 0.380876
3 0.163915 0.453552 0.040094 0.356103
4 0.885024 0.490710 0.062500 0.263207
4 0.123821 0.427231 0.037736 0.284883
5 0.919222 0.493807 0.036557 0.120765
0 0.524175 0.727596 0.081368 0.260110
0 0.442217 0.729145 0.080189 0.257014
1 0.607311 0.747724 0.087264 0.226048
1 0.354363 0.730693 0.093160 0.247724
2 0.689269 0.735338 0.079009 0.238434
2 0.275943 0.736886 0.080189 0.260110
3 0.767689 0.738434 0.077830 0.188890
3 0.197524 0.712114 0.074292 0.191986
4 0.829599 0.736886 0.048349 0.136248
4 0.143278 0.665665 0.036557 0.167214
5 0.873231 0.691986 0.041274 0.126959
5 0.113797 0.643990 0.031840 0.099090
7 0.091981 0.561931 0.023585 0.139345