0 0.561321 0.497152 0.127358 0.407297
0 0.419222 0.488607 0.128538 0.378815
1 0.670401 0.481486 0.088443 0.347484
1 0.293632 0.462973 0.091981 0.373118
2 0.755307 0.421674 0.076651 0.381663
2 0.205189 0.425946 0.077830 0.333243
3 0.807193 0.391767 0.048349 0.264886
3 0.149764 0.373254 0.042453 0.279127
4 0.845519 0.341923 0.030660 0.210769
4 0.112618 0.343347 0.029481 0.190832
6 0.872052 0.263597 0.022406 0.082599
6 0.078420 0.286383 0.031840 0.128170
0 0.521816 0.712193 0.081368 0.296216
0 0.436910 0.713617 0.079009 0.299064
1 0.613208 0.672318 0.075472 0.284823
1 0.341392 0.655229 0.071934 0.250644