0 0.552476 0.418653 0.187500 0.484956
0 0.369693 0.421781 0.178066 0.484956
1 0.706368 0.371721 0.122642 0.497471
1 0.214623 0.384236 0.129717 0.528759
2 0.820165 0.351384 0.100236 0.538145
2 0.091981 0.354513 0.117925 0.581947
3 0.890920 0.412395 0.064858 0.384836
3 0.016509 0.384236 0.033018 0.453669
4 0.952241 0.384236 0.055425 0.372321
5 0.989387 0.343563 0.021226 0.309746
0 0.488208 0.915042 0.089623 0.169916
0 0.393278 0.920817 0.100236 0.150180
1 0.582547 0.897833 0.096698 0.204333
1 0.284788 0.922863 0.116745 0.154273
2 0.685142 0.888447 0.106132 0.223106
2 0.171580 0.911913 0.112028 0.176174
3 0.780660 0.879061 0.101415 0.241878
3 0.074882 0.897833 0.100236 0.204333
4 0.850825 0.878579 0.090802 0.240914
5 0.938090 0.848856 0.083726 0.250300