0 0.702241 0.250675 0.237028 0.501350
0 0.454009 0.250675 0.240566 0.501350
1 0.889151 0.227169 0.136792 0.451116
1 0.255896 0.228520 0.153302 0.437610
2 0.978774 0.182598 0.042452 0.340363
2 0.109080 0.202052 0.140330 0.404104
3 0.018868 0.127221 0.037736 0.245818
0 0.539505 0.831714 0.147406 0.336572
0 0.675118 0.830364 0.123821 0.339272
1 0.402123 0.829013 0.129717 0.341974
1 0.807193 0.812000 0.140330 0.324155
2 0.931014 0.760675 0.123821 0.361973
2 0.268278 0.789844 0.163915 0.420312
3 0.115566 0.713402 0.143868 0.348467
4 0.034198 0.556727 0.068396 0.224207