0 0.630896 0.516669 0.205189 0.624339
0 0.416274 0.480300 0.216981 0.587969
1 0.803656 0.509092 0.156840 0.651616
1 0.237618 0.434838 0.135613 0.581908
2 0.941038 0.451508 0.117924 0.669800
2 0.110849 0.377254 0.117925 0.606154
3 0.025354 0.298454 0.050708 0.484923
0 0.554245 0.812169 0.125000 0.348539
0 0.422759 0.812169 0.116745 0.342477
1 0.693986 0.824292 0.114387 0.324292
1 0.295991 0.762162 0.120283 0.351569
2 0.830189 0.816716 0.132075 0.345508
2 0.185731 0.693969 0.088443 0.330354
3 0.948113 0.833385 0.103774 0.324292