0 0.699882 0.212817 0.192217 0.425634
0 0.485849 0.225224 0.188679 0.446195
1 0.858491 0.207578 0.122642 0.410903
1 0.337264 0.216401 0.110849 0.428549
2 0.960495 0.196431 0.079009 0.392862
2 0.227594 0.205254 0.129717 0.410508
3 0.146816 0.187608 0.079009 0.375216
4 0.097288 0.164723 0.045991 0.320152
5 0.056014 0.101701 0.038915 0.194108
0 0.639151 0.713014 0.103774 0.453758
0 0.533608 0.728139 0.107311 0.428549
1 0.744693 0.686545 0.102594 0.405861
1 0.427476 0.719316 0.100236 0.446195
2 0.858491 0.709233 0.122642 0.471404
2 0.320165 0.739483 0.112028 0.496613
3 0.954009 0.628565 0.091981 0.380653
3 0.230542 0.702931 0.104953 0.398299
4 0.168632 0.621002 0.077830 0.325193
5 0.120283 0.541594 0.080189 0.282338
6 0.074292 0.381519 0.056604 0.163857