0 0.523585 0.330228 0.172170 0.380040
0 0.342571 0.341131 0.192217 0.358235
1 0.675708 0.283502 0.129717 0.398731
1 0.170401 0.309980 0.149764 0.358235
2 0.787146 0.246120 0.119104 0.348890
2 0.056604 0.283502 0.113208 0.323969
3 0.877948 0.205624 0.088443 0.255437
4 0.936321 0.188491 0.070755 0.239862
0 0.498821 0.623046 0.113208 0.317739
0 0.378538 0.619931 0.127358 0.323969
1 0.617335 0.607470 0.121462 0.348890
1 0.243514 0.588780 0.135613 0.255437
2 0.733491 0.602798 0.139151 0.358235
2 0.120873 0.560744 0.112028 0.242977
3 0.821934 0.609028 0.120283 0.339544
3 0.037736 0.577877 0.073113 0.221171
4 0.890920 0.574762 0.102594 0.271012
5 0.931604 0.498442 0.061321 0.205596