0 0.563090 0.462129 0.137972 0.423464
0 0.424528 0.467293 0.139151 0.413136
1 0.681014 0.443194 0.095519 0.364936
1 0.304835 0.441472 0.093160 0.354608
2 0.767689 0.419094 0.077830 0.413136
2 0.219340 0.388109 0.073113 0.413136
3 0.830189 0.403602 0.070755 0.333951
3 0.153302 0.348517 0.056604 0.361494
4 0.880307 0.376059 0.050708 0.265095
4 0.104363 0.310646 0.045991 0.285752
6 0.920991 0.333024 0.030660 0.199682
6 0.061321 0.245233 0.037736 0.154926
0 0.503538 0.739274 0.087264 0.213453
0 0.412736 0.734110 0.094340 0.210011
1 0.596108 0.713453 0.097877 0.251324
1 0.322524 0.692797 0.086085 0.237553
2 0.688679 0.696239 0.084906 0.237553
2 0.240566 0.653204 0.075472 0.206568
3 0.769458 0.649762 0.074292 0.254767
3 0.174528 0.594677 0.058962 0.199682