0 0.537146 0.331888 0.140330 0.379856
0 0.395637 0.322905 0.140330 0.392689
1 0.652712 0.321622 0.112028 0.338790
1 0.278302 0.313922 0.103774 0.323391
2 0.750000 0.292106 0.084906 0.331090
2 0.192217 0.279273 0.087264 0.336224
3 0.813679 0.252324 0.042453 0.251526
3 0.134434 0.225375 0.030660 0.238693
4 0.862028 0.199709 0.056604 0.223294
4 0.101415 0.186876 0.033019 0.213027
5 0.900943 0.138110 0.030660 0.161695
5 0.073703 0.126561 0.022406 0.133463
7 0.936910 0.089345 0.036557 0.100097
7 0.048939 0.076512 0.027123 0.084698
0 0.504127 0.818257 0.088443 0.300291
0 0.413325 0.816974 0.090802 0.297725
1 0.597877 0.809274 0.101415 0.323391
1 0.325472 0.777192 0.103774 0.336224
2 0.692807 0.769492 0.093160 0.290025
2 0.243514 0.707894 0.097877 0.274625
3 0.770637 0.725860 0.074292 0.284892
3 0.178066 0.669395 0.070755 0.233560
4 0.845519 0.625763 0.073113 0.259226
4 0.135024 0.574431 0.069575 0.248959
5 0.901533 0.493584 0.083726 0.241260
5 0.103184 0.438402 0.064858 0.213027
6 0.922170 0.346004 0.047170 0.120630