0 0.713443 0.401867 0.245283 0.803733
0 0.469929 0.396776 0.248821 0.793552
1 0.912736 0.322115 0.155660 0.644230
1 0.261203 0.352658 0.159198 0.705316
2 0.108491 0.337387 0.141509 0.674774
3 0.041274 0.348982 0.082547 0.488688
0 0.668632 0.832579 0.158019 0.329186
0 0.512382 0.835973 0.145047 0.315611
1 0.823703 0.773190 0.147406 0.420814
1 0.367335 0.825509 0.149764 0.348982
2 0.948113 0.717195 0.103774 0.342760
2 0.235259 0.813914 0.114387 0.359729
3 0.144458 0.795249 0.107311 0.322398
4 0.073113 0.717195 0.077830 0.254525