0 0.545991 0.674212 0.205189 0.621441
0 0.340212 0.691113 0.206368 0.598040
1 0.719929 0.727515 0.147406 0.499233
1 0.163325 0.739216 0.149764 0.496633
2 0.859080 0.749350 0.128538 0.501300
2 0.049528 0.750917 0.099056 0.488833
3 0.944575 0.719715 0.068396 0.301620
0 0.523585 0.181745 0.129717 0.363490
0 0.392099 0.206447 0.128538 0.412894
1 0.649175 0.196046 0.126179 0.392092
1 0.255896 0.222048 0.143868 0.444096
2 0.776533 0.198647 0.130896 0.397293
2 0.117925 0.204880 0.132075 0.395226
3 0.876769 0.277685 0.097877 0.312021
3 0.031840 0.267284 0.063679 0.332822
4 0.933962 0.340089 0.075472 0.260017
5 0.969929 0.398593 0.060142 0.236616