0 0.692807 0.562893 0.208726 0.404612
0 0.485259 0.561845 0.208726 0.415094
1 0.864976 0.581761 0.135613 0.371069
1 0.307783 0.584906 0.146226 0.394130
2 0.966981 0.533543 0.066038 0.387841
2 0.167453 0.582809 0.132075 0.427673
3 0.057783 0.549266 0.087264 0.331237
4 0.011792 0.466457 0.023584 0.194969
0 0.637972 0.121593 0.129717 0.243186
0 0.505896 0.125786 0.134434 0.251572
1 0.763561 0.122642 0.121462 0.241090
1 0.372642 0.124738 0.129717 0.249476
2 0.881486 0.136268 0.112028 0.272536
2 0.244104 0.150943 0.125000 0.301886
3 0.961085 0.118449 0.077830 0.236897
3 0.134434 0.134172 0.117925 0.268344
4 0.047170 0.126834 0.094340 0.253668