0 0.570755 0.495785 0.141509 0.449630
0 0.425118 0.494380 0.145047 0.458061
1 0.698113 0.478924 0.113208 0.387806
1 0.297759 0.501405 0.107311 0.387806
2 0.804835 0.433961 0.100236 0.432769
2 0.195755 0.453632 0.099057 0.427149
3 0.877948 0.356680 0.069575 0.345653
3 0.130896 0.421315 0.068396 0.323172
4 0.922170 0.325768 0.049528 0.300690
4 0.089033 0.403048 0.055425 0.314741
5 0.968750 0.206335 0.045991 0.275399
5 0.047759 0.387592 0.069575 0.283829
0 0.546580 0.782424 0.086085 0.348464
0 0.454599 0.778209 0.086085 0.356894
1 0.644458 0.796475 0.107311 0.309121
1 0.357901 0.803500 0.102594 0.300690
2 0.747642 0.744487 0.099057 0.340033
2 0.261792 0.783829 0.089623 0.345653
3 0.829599 0.689688 0.067217 0.174232
3 0.178656 0.727625 0.074292 0.255727
4 0.882075 0.618028 0.056604 0.182662
4 0.125000 0.677042 0.051887 0.193903
5 0.932783 0.512646 0.051887 0.168611
5 0.077241 0.643320 0.041274 0.182662
7 0.972877 0.381972 0.042453 0.132079
7 0.048349 0.540748 0.037736 0.112408