0 0.563090 0.359080 0.123821 0.361193
0 0.438090 0.368657 0.123821 0.342038
1 0.666863 0.333085 0.081368 0.314675
1 0.330778 0.364553 0.086085 0.284576
2 0.748231 0.298881 0.081368 0.311939
2 0.244104 0.320772 0.082547 0.344775
3 0.797759 0.302986 0.050708 0.254477
3 0.192807 0.331717 0.057783 0.240795
4 0.829599 0.268782 0.036557 0.229850
4 0.146226 0.283832 0.047170 0.243531
5 0.856132 0.235946 0.025943 0.169651
5 0.113208 0.266046 0.037736 0.175124
0 0.576061 0.698382 0.067217 0.229850
0 0.505896 0.694278 0.073113 0.221641
1 0.643278 0.676492 0.067217 0.229850
1 0.428066 0.684701 0.077830 0.213432
2 0.710495 0.640920 0.062500 0.197014
2 0.351415 0.642288 0.075472 0.205223
3 0.758255 0.590298 0.044811 0.150497
3 0.284198 0.643656 0.070755 0.164178
4 0.789505 0.525995 0.041274 0.109452
4 0.224646 0.586194 0.050708 0.131343