0 0.534198 0.378637 0.143868 0.468597
0 0.387382 0.361781 0.145047 0.448370
1 0.657429 0.447746 0.102594 0.357347
1 0.264151 0.383694 0.099057 0.343863
2 0.751179 0.405606 0.077830 0.394431
2 0.183373 0.341554 0.057783 0.421400
3 0.813679 0.375266 0.061321 0.320264
3 0.142099 0.341554 0.038915 0.266325
4 0.863208 0.355038 0.056604 0.279810
4 0.111439 0.272444 0.020047 0.182045
5 0.911557 0.306156 0.058962 0.262954
5 0.087264 0.235361 0.023585 0.155075
7 0.966392 0.235361 0.041274 0.155075
7 0.058962 0.164565 0.025943 0.155075
0 0.582547 0.727556 0.089623 0.370832
0 0.494104 0.737670 0.087264 0.384317
1 0.675708 0.735984 0.080189 0.367461
1 0.406250 0.719128 0.083726 0.394431
2 0.750590 0.660132 0.069575 0.256211
2 0.320755 0.705643 0.089623 0.353976
3 0.809552 0.591022 0.053066 0.192158
3 0.242335 0.702272 0.062500 0.313522
4 0.867925 0.533712 0.056604 0.124734
4 0.189269 0.639905 0.045991 0.168560