0 0.682193 0.370190 0.163915 0.461240
0 0.524764 0.371571 0.153302 0.458478
1 0.808962 0.352237 0.113208 0.441907
1 0.393868 0.348095 0.108491 0.394954
2 0.898585 0.349476 0.101415 0.436383
2 0.291274 0.312190 0.091981 0.433621
3 0.974057 0.367428 0.051886 0.345240
3 0.219340 0.352237 0.075472 0.331430
4 0.160377 0.316333 0.063679 0.314858
5 0.111439 0.273523 0.045991 0.284477
0 0.646226 0.850119 0.103774 0.299761
0 0.549528 0.852881 0.089623 0.294237
1 0.752358 0.851500 0.108491 0.296999
1 0.454599 0.854262 0.095519 0.291475
2 0.862028 0.823144 0.106132 0.278954
2 0.367335 0.842478 0.095519 0.273430
3 0.941627 0.785858 0.060142 0.259620
3 0.292453 0.798287 0.080189 0.273430
4 0.976415 0.755477 0.047170 0.254096
4 0.238797 0.726477 0.074292 0.267906
5 0.184552 0.649143 0.057783 0.185048
6 0.153892 0.573191 0.062500 0.138096