0 0.709316 0.483650 0.234670 0.807680
0 0.476415 0.454221 0.226415 0.833840
1 0.909198 0.379011 0.167453 0.703041
1 0.281840 0.392091 0.155660 0.748821
2 0.145637 0.347947 0.114387 0.693231
3 0.068986 0.300532 0.071934 0.533003
4 0.022406 0.259658 0.044811 0.392395
0 0.670401 0.864600 0.133255 0.248517
0 0.530660 0.869505 0.146226 0.238707
1 0.823113 0.804106 0.148585 0.330266
1 0.384434 0.835171 0.141509 0.320456
2 0.952830 0.712547 0.094340 0.304106
2 0.259434 0.776312 0.108491 0.300836
3 0.153302 0.692928 0.080189 0.245247