0 0.558373 0.332972 0.137972 0.513610
0 0.418632 0.339236 0.139151 0.492731
1 0.675708 0.320445 0.094340 0.446799
1 0.301297 0.293303 0.095519 0.459326
2 0.761203 0.278689 0.076651 0.538664
2 0.216392 0.270337 0.071934 0.488556
3 0.817217 0.295391 0.058962 0.396690
3 0.160967 0.216053 0.062500 0.371636
4 0.867335 0.236932 0.041274 0.321528
5 0.112618 0.172208 0.031840 0.242190
6 0.906840 0.211878 0.033019 0.196257
0 0.517689 0.627358 0.087264 0.375812
0 0.433373 0.621095 0.076651 0.354933
1 0.604953 0.646149 0.084906 0.363285
1 0.354363 0.614831 0.076651 0.325704
2 0.688090 0.671203 0.081368 0.346582
2 0.279481 0.610656 0.073113 0.359109
3 0.770637 0.639886 0.083726 0.350758
3 0.207547 0.606480 0.066038 0.342406
4 0.829599 0.575162 0.048349 0.263068
4 0.157429 0.537581 0.050708 0.288122
6 0.867335 0.472858 0.053066 0.158676
6 0.110849 0.437365 0.040094 0.187906
7 0.893278 0.385169 0.031840 0.116919
7 0.104953 0.330885 0.035377 0.125271