0 0.641509 0.426405 0.150943 0.564888
0 0.491156 0.428394 0.147406 0.560910
1 0.767689 0.372701 0.099057 0.529086
1 0.360849 0.384635 0.110849 0.489305
2 0.854953 0.362756 0.091981 0.541020
2 0.259434 0.374690 0.094340 0.397809
3 0.933962 0.358778 0.066038 0.453502
3 0.181604 0.410493 0.061321 0.278466
4 0.984080 0.305074 0.031840 0.338137
4 0.123821 0.362756 0.054245 0.278466
5 0.079009 0.291150 0.037736 0.190948
0 0.657429 0.770510 0.109670 0.369962
0 0.540094 0.782444 0.117925 0.385874
1 0.773585 0.724762 0.117925 0.365984
1 0.423349 0.766532 0.115566 0.377918
2 0.870283 0.700893 0.089623 0.310291
2 0.309552 0.694926 0.107311 0.306313
3 0.941627 0.651167 0.048349 0.290400
3 0.218750 0.643211 0.071934 0.210839
4 0.152712 0.603430 0.060142 0.186970
5 0.984670 0.561660 0.030660 0.190948