0 0.715802 0.405915 0.193396 0.443962
0 0.519458 0.416206 0.196934 0.423381
1 0.877358 0.372104 0.132075 0.411620
1 0.352005 0.414736 0.133255 0.391039
2 0.966981 0.295660 0.066038 0.376339
2 0.233491 0.360343 0.103774 0.364578
3 0.139741 0.303010 0.079009 0.361638
4 0.079599 0.229507 0.064858 0.296955
5 0.025943 0.131012 0.042453 0.164648
0 0.677476 0.683759 0.133255 0.164648
0 0.548939 0.692580 0.126179 0.194050
1 0.798349 0.647007 0.103774 0.149947
1 0.407429 0.679349 0.147406 0.161708
2 0.913915 0.566153 0.089623 0.170528
2 0.272995 0.623486 0.102594 0.161708
3 0.176297 0.576444 0.086085 0.173469
4 0.099646 0.532342 0.060142 0.144067
5 0.066627 0.438257 0.067217 0.149947