0 0.581368 0.278138 0.165094 0.377533
0 0.416274 0.284267 0.165094 0.370178
1 0.704599 0.253623 0.081368 0.299084
1 0.280660 0.262204 0.103774 0.316245
2 0.785377 0.211948 0.099057 0.348114
2 0.178066 0.230334 0.099057 0.370178
3 0.836675 0.189884 0.055425 0.215733
3 0.118514 0.227882 0.067217 0.286827
4 0.880896 0.176401 0.051887 0.188766
4 0.083137 0.246269 0.050708 0.225539
5 0.934552 0.086921 0.055425 0.151994
5 0.040094 0.199690 0.051887 0.156897
0 0.464623 0.786827 0.096698 0.340760
0 0.369104 0.783149 0.089623 0.338308
1 0.560731 0.775795 0.093160 0.323599
1 0.277123 0.781924 0.091981 0.296633
2 0.650943 0.757409 0.099057 0.419208
2 0.188090 0.779472 0.083726 0.355469
3 0.728774 0.687541 0.080189 0.274569
3 0.132665 0.729216 0.076651 0.269666
4 0.792453 0.659348 0.084906 0.247603
4 0.080189 0.678960 0.084906 0.218184
5 0.872642 0.569868 0.075472 0.274569
5 0.065448 0.591932 0.086085 0.176509
6 0.915094 0.424003 0.087264 0.183863
6 0.052476 0.522064 0.081368 0.169154
7 0.919222 0.294073 0.062500 0.120124
7 0.034788 0.408068 0.055425 0.117672