0 0.553066 0.488497 0.148585 0.422738
0 0.408019 0.485621 0.139151 0.422738
1 0.676887 0.462615 0.101415 0.393980
1 0.286557 0.442485 0.101415 0.353719
2 0.768868 0.428106 0.082547 0.370974
2 0.193986 0.406538 0.076651 0.373850
3 0.830778 0.379218 0.064858 0.336465
3 0.129127 0.334643 0.048349 0.345092
4 0.883844 0.330330 0.041274 0.342216
4 0.091392 0.264187 0.043632 0.301956
5 0.916863 0.248370 0.050708 0.304831
5 0.060142 0.208110 0.049528 0.276074
6 0.028302 0.177914 0.021226 0.169670
0 0.554245 0.718558 0.075472 0.330713
0 0.475236 0.715683 0.077830 0.330713
1 0.641509 0.719996 0.082547 0.333589
1 0.389741 0.737251 0.079009 0.327837
2 0.721108 0.721434 0.076651 0.313459
2 0.296580 0.758819 0.079009 0.278949
3 0.794222 0.686925 0.067217 0.290452
3 0.217571 0.717120 0.076651 0.293328
4 0.846698 0.642350 0.061321 0.184049
4 0.150354 0.658167 0.057783 0.278949
5 0.912146 0.560391 0.069575 0.278949
5 0.080189 0.580521 0.077830 0.307707
7 0.959906 0.379218 0.033019 0.140913
7 0.036557 0.442485 0.051887 0.163919