0 0.725236 0.457167 0.181604 0.646068
0 0.542453 0.442889 0.183962 0.681762
1 0.870873 0.417903 0.107311 0.574679
1 0.391509 0.376854 0.122642 0.585388
2 0.961675 0.383993 0.076650 0.585388
2 0.288325 0.364361 0.112028 0.567540
3 0.215802 0.351868 0.077830 0.513999
4 0.168042 0.309035 0.043632 0.385499
0 0.691627 0.790909 0.100236 0.278416
0 0.579009 0.776631 0.110849 0.256999
1 0.795991 0.764138 0.099057 0.317680
1 0.467571 0.732013 0.104953 0.289124
2 0.892689 0.730229 0.094340 0.299833
2 0.370283 0.696319 0.089623 0.289124