0 0.570165 0.423199 0.140330 0.413329
0 0.425708 0.428785 0.146226 0.424500
1 0.683962 0.451127 0.084906 0.335132
1 0.299528 0.446937 0.103774 0.343510
2 0.755307 0.459505 0.079009 0.351888
2 0.216981 0.417613 0.087264 0.374230
3 0.813679 0.493018 0.042453 0.268105
3 0.147406 0.441352 0.049528 0.287655
4 0.840802 0.505586 0.035377 0.226214
4 0.112618 0.448334 0.038915 0.240178
5 0.868514 0.498604 0.036557 0.173151
5 0.082547 0.445541 0.021226 0.161980
0 0.533608 0.747160 0.093160 0.323961
0 0.441627 0.748556 0.095519 0.326753
1 0.623821 0.749952 0.089623 0.318375
1 0.346108 0.747160 0.095519 0.301618
2 0.708726 0.758331 0.080189 0.346303
2 0.261792 0.738781 0.070755 0.329546
3 0.774175 0.749952 0.048349 0.234592
3 0.198113 0.701079 0.061321 0.231799
4 0.810731 0.740178 0.038915 0.198286
4 0.153302 0.688512 0.044811 0.206665
5 0.836085 0.708061 0.037736 0.134053
5 0.105542 0.660584 0.050708 0.161980
6 0.073703 0.604729 0.034198 0.106125