0 0.637972 0.357521 0.216981 0.594110
0 0.413325 0.358865 0.229953 0.612928
1 0.818396 0.338703 0.141509 0.551097
1 0.221698 0.376339 0.148585 0.518838
2 0.939269 0.309132 0.114387 0.524215
2 0.089623 0.368274 0.113208 0.454319
3 0.029481 0.366930 0.054245 0.387112
0 0.595519 0.713718 0.122642 0.376359
0 0.462854 0.731192 0.133255 0.416683
1 0.729953 0.755387 0.143868 0.438190
1 0.318986 0.759419 0.147406 0.419372
2 0.865566 0.759419 0.127358 0.440878
2 0.199882 0.766140 0.112028 0.362918
3 0.950472 0.685491 0.089623 0.303776
3 0.090212 0.709686 0.104953 0.325282
4 0.019458 0.668017 0.036557 0.188180