0 0.520637 0.407981 0.107311 0.299452
0 0.412146 0.404862 0.109670 0.299452
1 0.616156 0.376788 0.081368 0.311929
1 0.317217 0.368990 0.077830 0.302572
2 0.691627 0.362751 0.064858 0.346242
2 0.248821 0.370549 0.061321 0.324407
3 0.745873 0.348714 0.055425 0.330645
3 0.205189 0.365870 0.051887 0.308810
4 0.785377 0.356512 0.044811 0.277617
4 0.165684 0.376788 0.038915 0.243305
5 0.818396 0.337797 0.042453 0.265140
5 0.136203 0.351834 0.038915 0.237066
6 0.841981 0.337797 0.023585 0.159084
6 0.112028 0.348714 0.018868 0.168442
0 0.510024 0.776058 0.055425 0.218351
0 0.450472 0.776058 0.058962 0.212112
1 0.571344 0.758901 0.067217 0.202754
1 0.386792 0.760461 0.066038 0.224589
2 0.637382 0.749544 0.064858 0.215231
2 0.318986 0.758901 0.069575 0.240186
3 0.699292 0.733947 0.073113 0.227708
3 0.264741 0.760461 0.064858 0.255782
4 0.744104 0.716791 0.056604 0.187158
4 0.220519 0.733947 0.058962 0.202754
5 0.786557 0.673121 0.054245 0.149726
5 0.177476 0.699635 0.053066 0.184038
7 0.825472 0.588900 0.040094 0.131010
7 0.135613 0.565505 0.047170 0.127891