0 0.577830 0.434461 0.143868 0.546624
0 0.425118 0.438644 0.159198 0.543835
1 0.702241 0.419122 0.104953 0.404390
1 0.302476 0.449800 0.112028 0.415546
2 0.794222 0.384261 0.100236 0.468535
2 0.209316 0.410755 0.104953 0.465746
3 0.866156 0.363344 0.064858 0.376501
3 0.135024 0.389839 0.079009 0.412757
4 0.911557 0.335455 0.042453 0.320723
4 0.084316 0.377289 0.045991 0.348612
5 0.943986 0.279677 0.045991 0.298412
5 0.041274 0.331272 0.054245 0.295623
7 0.979953 0.194616 0.023585 0.223112
7 0.009434 0.258760 0.018868 0.206378
0 0.529481 0.707773 0.087264 0.379290
0 0.447524 0.706378 0.074292 0.376501
1 0.617925 0.721717 0.087264 0.351401
1 0.359670 0.748212 0.096698 0.365346
2 0.715212 0.727295 0.107311 0.429490
2 0.268278 0.770523 0.086085 0.426701
3 0.802476 0.686856 0.093160 0.337457
3 0.181604 0.727295 0.082547 0.351401
4 0.878538 0.675701 0.066038 0.248212
4 0.123231 0.728690 0.057783 0.264945
5 0.930425 0.559961 0.058962 0.217534
5 0.067807 0.621317 0.053066 0.251001
7 0.979953 0.435855 0.040094 0.170123
7 0.025354 0.515339 0.043632 0.156178