0 0.561321 0.399875 0.143868 0.314280
0 0.419811 0.399875 0.141509 0.303155
1 0.673939 0.337298 0.083726 0.261436
1 0.306014 0.348422 0.083726 0.250311
2 0.752358 0.323391 0.070755 0.244749
2 0.233491 0.330344 0.061321 0.241968
3 0.810142 0.277501 0.058962 0.214155
3 0.184552 0.278892 0.045991 0.189124
4 0.851415 0.249689 0.037736 0.147406
4 0.145047 0.244126 0.033019 0.169656
5 0.883844 0.178767 0.036557 0.122375
5 0.107311 0.181548 0.044811 0.155749
0 0.524175 0.739187 0.079009 0.241968
0 0.443396 0.730843 0.080189 0.247530
1 0.610849 0.716937 0.089623 0.247530
1 0.359670 0.723890 0.082547 0.233624
2 0.678656 0.626546 0.074292 0.261436
2 0.288325 0.655749 0.074292 0.253093
3 0.740566 0.563968 0.063679 0.208593
3 0.232311 0.586218 0.063679 0.230843
4 0.786557 0.488875 0.049528 0.169656
4 0.194575 0.495828 0.051887 0.177999
5 0.162736 0.436032 0.051887 0.136281
5 0.817807 0.434641 0.050708 0.116812