0 0.563679 0.793508 0.198113 0.412983
0 0.354363 0.806299 0.196934 0.382874
1 0.741745 0.803979 0.160377 0.373593
1 0.185142 0.837626 0.143868 0.310940
2 0.864387 0.831796 0.120283 0.336408
2 0.055425 0.853840 0.110849 0.292320
3 0.961675 0.887487 0.076650 0.225026
0 0.480542 0.241270 0.112028 0.324863
0 0.355542 0.220386 0.119104 0.310940
1 0.609670 0.259833 0.134434 0.292377
1 0.233491 0.255192 0.127358 0.334145
2 0.724057 0.320165 0.122642 0.250609
2 0.097877 0.292320 0.132075 0.297018
3 0.829009 0.426906 0.089623 0.213481
3 0.027123 0.399060 0.054245 0.250609
4 0.885613 0.553370 0.113208 0.169393
6 0.966981 0.743647 0.066038 0.150829