0 0.554835 0.454827 0.112028 0.411975
0 0.441038 0.449407 0.113208 0.408361
1 0.649175 0.409655 0.074292 0.393906
1 0.339623 0.402427 0.084906 0.357768
2 0.718160 0.380744 0.068396 0.415589
2 0.264741 0.380744 0.076651 0.364995
3 0.771816 0.357254 0.057783 0.390292
3 0.198703 0.335571 0.062500 0.318016
4 0.813090 0.335571 0.043632 0.346926
4 0.146226 0.299433 0.054245 0.267422
5 0.848467 0.292206 0.043632 0.281878
5 0.090802 0.277750 0.054245 0.224057
0 0.502948 0.857768 0.064858 0.234898
0 0.435731 0.857768 0.069575 0.227670
1 0.574292 0.839699 0.075472 0.191532
1 0.364387 0.843313 0.075472 0.220443
2 0.646226 0.825243 0.070755 0.198760
2 0.290094 0.827050 0.070755 0.231284
3 0.700472 0.778264 0.051887 0.249353
3 0.224646 0.749353 0.062500 0.227670
4 0.745283 0.709601 0.047170 0.256581
4 0.180425 0.659008 0.058962 0.205988
5 0.787146 0.637325 0.038915 0.177077
5 0.129127 0.559628 0.045991 0.166236