0 0.707547 0.476602 0.214623 0.531992
0 0.500590 0.464288 0.194575 0.517214
1 0.885024 0.465519 0.161557 0.416234
1 0.336085 0.416261 0.134434 0.435938
2 0.975825 0.458130 0.048349 0.366976
2 0.202241 0.339910 0.130896 0.445790
3 0.120283 0.325132 0.080189 0.362050
4 0.063679 0.275874 0.051887 0.322643
5 0.022995 0.209375 0.031840 0.184719
0 0.623821 0.883614 0.125000 0.232772
0 0.498821 0.875596 0.120283 0.246293
1 0.754717 0.876225 0.139151 0.247550
1 0.377948 0.866373 0.121462 0.267254
2 0.895047 0.863910 0.143868 0.272179
2 0.257665 0.831263 0.119104 0.334958
3 0.974646 0.866976 0.050708 0.199497
3 0.177476 0.757376 0.090802 0.246293
4 0.106132 0.676099 0.070755 0.172405