0 0.583726 0.397605 0.158019 0.459316
0 0.408608 0.353721 0.180425 0.400804
1 0.727005 0.321540 0.128538 0.447614
1 0.275943 0.378588 0.127358 0.421283
2 0.838443 0.277656 0.089623 0.435911
2 0.173939 0.325928 0.086085 0.432986
3 0.905071 0.258640 0.062500 0.333516
3 0.104363 0.287895 0.053066 0.321814
4 0.949292 0.241086 0.040094 0.263302
0 0.586085 0.769153 0.103774 0.377400
0 0.482311 0.751600 0.106132 0.348144
1 0.694575 0.748674 0.108491 0.412507
1 0.373821 0.739898 0.110849 0.371549
2 0.797170 0.674072 0.094340 0.415432
2 0.269458 0.745749 0.095519 0.389102
3 0.859670 0.570214 0.070755 0.295484
3 0.192217 0.647742 0.066038 0.239898
4 0.914505 0.532181 0.038915 0.213567
4 0.124410 0.589230 0.067217 0.280856
5 0.945165 0.530719 0.027123 0.163832