0 0.539505 0.400882 0.109670 0.281553
0 0.428656 0.392263 0.112028 0.287299
1 0.629717 0.370716 0.066038 0.272934
1 0.329009 0.354914 0.087264 0.298791
2 0.692807 0.362097 0.057783 0.301664
2 0.251769 0.326184 0.062500 0.287299
3 0.733491 0.353478 0.035377 0.267188
3 0.204599 0.285962 0.034198 0.235585
4 0.757075 0.331930 0.023585 0.224093
4 0.170991 0.274470 0.028302 0.212601
5 0.778302 0.290272 0.018868 0.117792
5 0.140330 0.239995 0.030660 0.143649
0 0.528892 0.691054 0.057783 0.183871
0 0.465802 0.679562 0.063679 0.206855
1 0.396226 0.663760 0.070755 0.198236
1 0.593750 0.691054 0.067217 0.206855
2 0.653892 0.666633 0.060142 0.203982
2 0.321344 0.623538 0.076651 0.232712
3 0.701651 0.633594 0.049528 0.189617
3 0.262382 0.593372 0.060142 0.218347
4 0.730542 0.594809 0.041274 0.135030
4 0.221698 0.566079 0.054245 0.140776
5 0.177476 0.501436 0.060142 0.149395