0 0.535967 0.313550 0.137972 0.496026
0 0.397406 0.311791 0.134434 0.506580
1 0.654481 0.306515 0.096698 0.411596
1 0.290094 0.297720 0.080189 0.415114
2 0.741156 0.273094 0.095519 0.415114
2 0.211675 0.285407 0.074292 0.453811
3 0.812500 0.269576 0.068396 0.295505
3 0.159198 0.288925 0.054245 0.306059
4 0.860849 0.232638 0.051887 0.207557
4 0.117925 0.283648 0.028302 0.168860
5 0.910967 0.153485 0.048349 0.197003
5 0.088443 0.185146 0.030660 0.168860
0 0.514151 0.688209 0.084906 0.372899
0 0.428656 0.686450 0.083726 0.383453
1 0.601415 0.689967 0.089623 0.369381
1 0.343750 0.688209 0.086085 0.358827
2 0.687500 0.628404 0.080189 0.323648
2 0.266509 0.647752 0.070755 0.313095
3 0.757075 0.522866 0.061321 0.182932
3 0.207547 0.577394 0.047170 0.172378
4 0.813090 0.480651 0.048349 0.126645
4 0.162146 0.528143 0.041274 0.158306