0 0.533608 0.458700 0.140330 0.333577
0 0.391509 0.444404 0.141509 0.304985
1 0.656250 0.423754 0.102594 0.320869
1 0.279481 0.385631 0.077830 0.263685
2 0.747642 0.371335 0.080189 0.330400
2 0.204599 0.368158 0.069575 0.304985
3 0.821344 0.366569 0.067217 0.358992
3 0.143868 0.336389 0.051887 0.266861
4 0.867335 0.393573 0.048349 0.279569
4 0.100236 0.309385 0.033019 0.257331
6 0.923349 0.344331 0.054245 0.219208
0 0.529481 0.738269 0.080189 0.231915
0 0.449292 0.727150 0.080189 0.235092
1 0.616156 0.730327 0.088443 0.241446
1 0.362028 0.720796 0.089623 0.247800
2 0.702241 0.692204 0.083726 0.241446
2 0.278892 0.673142 0.071934 0.260508
3 0.764741 0.619135 0.041274 0.120723
3 0.218750 0.635019 0.067217 0.203323
4 0.172170 0.598485 0.054245 0.155669