0 0.597288 0.547170 0.204009 0.410901
0 0.389741 0.534591 0.206368 0.427673
1 0.765920 0.526205 0.135613 0.356394
1 0.213443 0.488470 0.141509 0.402516
2 0.887382 0.572327 0.102594 0.402516
2 0.080189 0.460168 0.125000 0.442348
3 0.967571 0.589099 0.060142 0.318658
0 0.548939 0.789308 0.121462 0.303983
0 0.425708 0.785115 0.127358 0.303983
1 0.675708 0.798742 0.120283 0.348008
1 0.283608 0.765199 0.145047 0.352201
2 0.794222 0.828092 0.116745 0.339623
2 0.149175 0.756813 0.126179 0.469602
3 0.893278 0.839623 0.100236 0.303983
3 0.051297 0.769392 0.102594 0.318658
4 0.971698 0.850105 0.056604 0.194969