0 0.565448 0.343285 0.142689 0.248133
0 0.418632 0.339367 0.150943 0.255969
1 0.682193 0.314553 0.093160 0.242909
1 0.293042 0.327613 0.095519 0.227237
2 0.768278 0.308024 0.076651 0.229849
2 0.199882 0.332837 0.086085 0.227237
3 0.834316 0.296270 0.057783 0.206342
3 0.128538 0.327613 0.063679 0.190671
5 0.883844 0.279292 0.038915 0.114925
5 0.079009 0.308024 0.030660 0.083582
0 0.525354 0.712872 0.102594 0.208954
0 0.422759 0.707648 0.097877 0.208954
1 0.626769 0.678917 0.095519 0.203730
1 0.324882 0.689365 0.100236 0.172387
2 0.714623 0.641044 0.080189 0.206342
2 0.238208 0.652798 0.070755 0.146268
3 0.772995 0.592723 0.064858 0.167163
3 0.179245 0.596641 0.056604 0.117537
5 0.830189 0.507836 0.047170 0.101865