0 0.540094 0.462606 0.117925 0.345569
0 0.422759 0.463896 0.116745 0.348148
1 0.643278 0.438107 0.086085 0.301728
1 0.321934 0.434239 0.082547 0.288834
2 0.725825 0.431660 0.081368 0.304307
2 0.242335 0.396845 0.074292 0.296571
3 0.787736 0.448423 0.068396 0.239835
3 0.185142 0.398134 0.054245 0.257887
4 0.845519 0.471632 0.051887 0.157311
4 0.149764 0.412318 0.042453 0.214047
5 0.109670 0.390398 0.054245 0.201152
0 0.522406 0.675363 0.063679 0.239835
0 0.456958 0.676653 0.067217 0.237256
1 0.596108 0.699863 0.081368 0.252730
1 0.383255 0.689547 0.077830 0.263045
2 0.679245 0.712757 0.087264 0.268203
2 0.305425 0.676653 0.077830 0.247572
3 0.749410 0.685679 0.057783 0.244993
3 0.244104 0.666337 0.068396 0.237256
4 0.801887 0.665048 0.049528 0.198573
4 0.195165 0.634101 0.050708 0.193416
5 0.150943 0.601866 0.058962 0.159890