0 0.446934 0.342539 0.183962 0.632762
0 0.272406 0.367324 0.165094 0.600686
1 0.606722 0.333791 0.135613 0.475300
1 0.130307 0.380446 0.116745 0.498628
2 0.719929 0.257976 0.088443 0.481132
2 0.034788 0.345455 0.069575 0.457804
3 0.800708 0.224443 0.073113 0.437393
5 0.863797 0.088894 0.074292 0.177787
0 0.391509 0.731818 0.113208 0.460720
0 0.278302 0.728902 0.108491 0.460720
1 0.508844 0.714322 0.121462 0.460720
1 0.169811 0.688079 0.103774 0.414065
2 0.635613 0.730360 0.129717 0.516123
2 0.067807 0.740566 0.097877 0.460720
3 0.733491 0.677873 0.096698 0.352830
4 0.793632 0.574357 0.073113 0.274099
5 0.852594 0.422727 0.077830 0.349914
7 0.891509 0.257976 0.066038 0.172041