0 0.558962 0.372876 0.136792 0.431692
0 0.423939 0.376849 0.130896 0.429043
1 0.670991 0.368903 0.087264 0.381372
1 0.313090 0.358310 0.090802 0.370778
2 0.752358 0.347716 0.070755 0.386669
2 0.230542 0.326529 0.074292 0.360185
3 0.814269 0.319908 0.050708 0.325755
3 0.172170 0.313287 0.061321 0.301919
4 0.858491 0.305341 0.044811 0.296623
4 0.128538 0.290775 0.056604 0.272787
5 0.909198 0.284154 0.054245 0.254248
5 0.087264 0.265615 0.054245 0.254248
6 0.949882 0.217944 0.043632 0.248951
6 0.047170 0.190135 0.049528 0.230412
0 0.541863 0.824431 0.079009 0.291326
0 0.461675 0.817810 0.076651 0.299271
1 0.617335 0.812513 0.074292 0.299271
1 0.383844 0.815161 0.076651 0.309865
2 0.697524 0.783380 0.086085 0.325755
2 0.307193 0.764842 0.088443 0.315161
3 0.761792 0.721143 0.080189 0.275435
3 0.238797 0.695983 0.086085 0.256896
4 0.807783 0.654932 0.073113 0.206576
4 0.187500 0.632421 0.070755 0.219818
5 0.868514 0.594019 0.086085 0.185389
5 0.133255 0.584749 0.077830 0.219818
6 0.903892 0.481461 0.053066 0.135069
6 0.084906 0.476164 0.068396 0.182741