0 0.579009 0.413986 0.125000 0.470003
0 0.454599 0.421666 0.121462 0.466931
1 0.689269 0.406307 0.095519 0.399349
1 0.344929 0.410915 0.093160 0.408564
2 0.781840 0.344868 0.087264 0.485362
2 0.258255 0.381731 0.082547 0.466931
3 0.847288 0.321829 0.060142 0.377845
3 0.187500 0.381731 0.054245 0.387061
4 0.888561 0.286502 0.041274 0.344054
4 0.137382 0.355620 0.043632 0.365558
5 0.925708 0.275750 0.030660 0.297976
5 0.093160 0.343332 0.047170 0.310263
6 0.953420 0.223528 0.024764 0.242681
6 0.054245 0.311077 0.033019 0.264185
0 0.557783 0.744217 0.073113 0.356342
0 0.481132 0.739609 0.075472 0.365558
1 0.635613 0.730393 0.080189 0.371701
1 0.401533 0.744217 0.076651 0.393205
2 0.720519 0.719642 0.089623 0.368630
2 0.323113 0.771864 0.080189 0.405493
3 0.790094 0.713498 0.070755 0.270328
3 0.247642 0.748825 0.070755 0.304119
4 0.849646 0.645916 0.050708 0.282616
4 0.186321 0.718106 0.051887 0.285688
5 0.890920 0.582942 0.045991 0.236537
5 0.131486 0.664347 0.053066 0.264185
6 0.927476 0.500000 0.031840 0.162811
7 0.079599 0.547615 0.045991 0.190459