0 0.554245 0.464293 0.183962 0.453033
0 0.369104 0.463177 0.186321 0.419558
1 0.702830 0.495537 0.113208 0.435180
1 0.215802 0.516738 0.115566 0.388314
2 0.814858 0.533475 0.108491 0.444106
2 0.112028 0.530128 0.091981 0.419558
3 0.907429 0.537939 0.079009 0.301278
3 0.033019 0.526780 0.066038 0.292351
4 0.974057 0.574762 0.051886 0.196389
0 0.502358 0.134510 0.108491 0.269020
0 0.395637 0.132278 0.104953 0.264556
1 0.610849 0.144045 0.108491 0.285656
1 0.285967 0.150132 0.116745 0.300264
2 0.725825 0.153479 0.116745 0.306958
2 0.186910 0.166870 0.109670 0.333739
3 0.817807 0.209880 0.107311 0.341449
3 0.096108 0.202069 0.074292 0.303510
4 0.905071 0.311422 0.076651 0.236559
4 0.036557 0.280179 0.047170 0.191925
6 0.972877 0.378373 0.054245 0.165145