0 0.560142 0.381589 0.134434 0.456525
0 0.427476 0.370176 0.130896 0.462231
1 0.675708 0.338790 0.091981 0.393752
1 0.314858 0.330230 0.094340 0.388046
2 0.747052 0.323097 0.074292 0.282475
2 0.230542 0.298844 0.071934 0.348100
3 0.798349 0.311684 0.040094 0.174050
3 0.180425 0.281724 0.044811 0.233969
5 0.143868 0.274591 0.025943 0.156930
0 0.510024 0.839540 0.083726 0.282475
0 0.425708 0.840967 0.082547 0.285328
1 0.593160 0.809581 0.082547 0.296741
1 0.346108 0.806727 0.076651 0.256795
2 0.677476 0.728262 0.088443 0.288181
2 0.276533 0.741102 0.062500 0.256795
3 0.733491 0.615558 0.070755 0.239675
3 0.225825 0.645517 0.057783 0.185463
4 0.769458 0.539946 0.062500 0.179757