0 0.693396 0.741745 0.179245 0.511006
0 0.504127 0.749607 0.196934 0.495283
1 0.346698 0.807980 0.117925 0.384040
1 0.836085 0.796187 0.103774 0.407626
2 0.936321 0.762775 0.127358 0.474450
2 0.215802 0.788325 0.167453 0.423349
3 0.094929 0.806604 0.112028 0.373428
4 0.024175 0.831564 0.048349 0.336871
0 0.651533 0.374214 0.116745 0.279088
0 0.536557 0.382075 0.108491 0.255503
1 0.775354 0.431211 0.123821 0.314465
1 0.413915 0.464623 0.129717 0.381289
2 0.880307 0.476415 0.112028 0.341981
2 0.281250 0.496069 0.135613 0.373428
3 0.962264 0.448899 0.075472 0.184748
3 0.156840 0.513758 0.110849 0.275157
4 0.060142 0.568789 0.084906 0.188679