0 0.501179 0.732522 0.228774 0.488961
0 0.279481 0.707277 0.212264 0.491618
1 0.681604 0.723221 0.139151 0.380008
1 0.107901 0.668745 0.130896 0.398609
2 0.808373 0.660772 0.119104 0.441128
2 0.020047 0.675388 0.040094 0.380008
3 0.889741 0.644828 0.079009 0.361406
4 0.943396 0.647486 0.058962 0.271054
5 0.979363 0.692661 0.041274 0.180703
0 0.449882 0.156327 0.137972 0.312654
0 0.313679 0.144368 0.136792 0.288736
1 0.592571 0.166956 0.147406 0.333912
1 0.173939 0.142580 0.142689 0.281684
2 0.729363 0.201503 0.126179 0.403005
2 0.051887 0.162970 0.103774 0.325940
3 0.829009 0.247547 0.091981 0.305601
4 0.885613 0.292723 0.068396 0.178046
5 0.938679 0.376431 0.084906 0.212592