0 0.589623 0.500000 0.132075 0.456428
0 0.462264 0.503063 0.122642 0.456428
1 0.695755 0.489279 0.101415 0.410479
1 0.347288 0.507658 0.104953 0.392099
2 0.779481 0.461709 0.063679 0.428858
2 0.254717 0.444861 0.075472 0.474807
3 0.825472 0.470899 0.047170 0.312454
3 0.194575 0.443329 0.066038 0.416605
4 0.862618 0.421887 0.048349 0.294074
4 0.143278 0.432608 0.034198 0.284884
6 0.907429 0.346836 0.038915 0.260378
6 0.103774 0.328457 0.040094 0.260378
0 0.561321 0.752720 0.070755 0.202176
0 0.482311 0.749657 0.077830 0.214429
1 0.636203 0.740467 0.074292 0.189923
1 0.403302 0.719024 0.080189 0.226682
2 0.711085 0.700644 0.073113 0.189923
2 0.316038 0.702176 0.075472 0.168480