0 0.543632 0.557365 0.120283 0.313299
0 0.420991 0.539714 0.117925 0.304474
1 0.654481 0.511032 0.096698 0.361838
1 0.313679 0.528682 0.089623 0.353013
2 0.741745 0.502206 0.077830 0.379489
2 0.231132 0.528682 0.075472 0.405965
3 0.798349 0.504413 0.054245 0.339775
3 0.179245 0.539714 0.040094 0.330949
4 0.837854 0.466905 0.043632 0.291236
4 0.147406 0.480143 0.035377 0.291236
5 0.880307 0.372033 0.038915 0.260347
5 0.114976 0.380858 0.027123 0.225046
0 0.516509 0.808886 0.080189 0.216220
0 0.436321 0.817712 0.077830 0.242696
1 0.597288 0.784617 0.076651 0.158856
1 0.359080 0.786823 0.071934 0.216220
2 0.285967 0.780204 0.069575 0.150030
2 0.670401 0.749315 0.069575 0.123554