0 0.627948 0.610192 0.175708 0.530660
0 0.452241 0.623241 0.178066 0.562558
1 0.775354 0.655138 0.121462 0.516161
1 0.300118 0.647889 0.123821 0.501663
2 0.882075 0.698635 0.094340 0.492963
2 0.196344 0.679787 0.100236 0.524861
3 0.952241 0.755181 0.064858 0.385671
3 0.114976 0.720384 0.081368 0.408869
4 0.988208 0.775479 0.023584 0.252281
4 0.054835 0.760981 0.062500 0.310277
5 0.017099 0.813177 0.034198 0.165288
0 0.604953 0.059339 0.108491 0.118678
0 0.495873 0.052090 0.102594 0.104180
1 0.716981 0.085437 0.113208 0.170874
1 0.388561 0.060789 0.104953 0.121578
2 0.821344 0.123134 0.095519 0.246268
2 0.281250 0.079638 0.107311 0.159275
3 0.887382 0.250619 0.064858 0.205885
3 0.198703 0.140427 0.057783 0.240682
4 0.930425 0.381109 0.063679 0.159488
4 0.146816 0.262218 0.074292 0.234882