0 0.590212 0.394722 0.126179 0.345912
0 0.458726 0.394722 0.134434 0.357944
1 0.691038 0.363139 0.073113 0.336888
1 0.343750 0.397730 0.093160 0.321849
2 0.755896 0.357123 0.056604 0.294777
2 0.252948 0.352611 0.081368 0.339896
3 0.796580 0.316516 0.045991 0.279737
3 0.189269 0.333060 0.048349 0.324856
4 0.827241 0.277413 0.036557 0.213563
4 0.137972 0.284933 0.054245 0.294777
5 0.850236 0.220263 0.030660 0.135357
5 0.103774 0.205223 0.042453 0.177468
0 0.492925 0.686492 0.075472 0.225595
0 0.413325 0.684988 0.081368 0.222587
1 0.568986 0.689500 0.076651 0.195515
1 0.328420 0.671452 0.086085 0.249658
2 0.646226 0.644381 0.077830 0.177468
2 0.260024 0.608285 0.064858 0.171452
3 0.709906 0.591742 0.051887 0.138365
3 0.206958 0.542111 0.043632 0.141373
4 0.754717 0.567678 0.040094 0.096254