0 0.567217 0.243478 0.148585 0.480796
0 0.418042 0.240546 0.152123 0.469069
1 0.687500 0.236148 0.117925 0.430958
1 0.291863 0.259602 0.102594 0.430958
2 0.780660 0.277192 0.089623 0.384051
2 0.204599 0.281590 0.081368 0.416299
3 0.850825 0.293316 0.048349 0.340075
3 0.134434 0.296248 0.058962 0.375256
4 0.894458 0.297714 0.041274 0.343007
4 0.088443 0.285987 0.049528 0.331280
5 0.926297 0.305043 0.038915 0.310759
5 0.050118 0.284521 0.048349 0.328349
6 0.961085 0.281590 0.028302 0.299032
6 0.019458 0.252273 0.036557 0.287305
0 0.543632 0.747727 0.091981 0.433889
0 0.449292 0.747727 0.096698 0.428026
1 0.634434 0.747727 0.089623 0.422163
1 0.364387 0.747727 0.096698 0.433889
2 0.717571 0.740398 0.088443 0.436821
2 0.278892 0.736001 0.086085 0.433889
3 0.791274 0.714013 0.082547 0.348870
3 0.205189 0.725740 0.082547 0.389914
4 0.843160 0.712547 0.058962 0.316622
4 0.142689 0.716945 0.068396 0.343007
5 0.880307 0.683230 0.034198 0.211081
5 0.085495 0.702286 0.071934 0.290237
6 0.921580 0.672969 0.043632 0.243330
6 0.045991 0.611404 0.056604 0.237466
7 0.956958 0.598211 0.038915 0.181764