0 0.454512 0.887312 0.093468 0.138564
0 0.361045 0.884808 0.088483 0.143573
1 0.554211 0.869783 0.100945 0.150250
1 0.274431 0.830551 0.084744 0.158598
2 0.657649 0.821369 0.105930 0.190317
2 0.210873 0.747913 0.109669 0.180301
3 0.722453 0.706177 0.130855 0.176962
3 0.166632 0.636895 0.135840 0.161937
4 0.777911 0.580968 0.139578 0.166945
4 0.144200 0.494157 0.150795 0.153589
5 0.825891 0.420701 0.175719 0.240401
5 0.109928 0.332220 0.176966 0.233723
6 0.883218 0.225376 0.175719 0.250417
6 0.104320 0.121035 0.183197 0.228715