0 0.487618 0.323057 0.185142 0.619300
0 0.310142 0.330750 0.172170 0.634687
1 0.633844 0.315364 0.112028 0.542369
1 0.163325 0.321134 0.114387 0.530829
2 0.745283 0.290361 0.113208 0.561602
2 0.052476 0.323057 0.104952 0.573141
3 0.820755 0.309594 0.056604 0.430818
4 0.860259 0.276898 0.038915 0.311573
0 0.508255 0.761568 0.115566 0.342346
0 0.393868 0.782724 0.113208 0.330806
1 0.618514 0.748105 0.102594 0.323113
1 0.276533 0.765414 0.119104 0.350039
2 0.705189 0.667326 0.089623 0.253875
2 0.161557 0.742335 0.113208 0.303880
3 0.770047 0.646170 0.044811 0.150017
3 0.065448 0.648094 0.076651 0.215409