0 0.533019 0.361657 0.141509 0.405806
0 0.394458 0.370880 0.135613 0.392630
1 0.653302 0.351117 0.099057 0.332023
1 0.283019 0.351117 0.084906 0.310942
2 0.742335 0.330036 0.076651 0.342563
2 0.202830 0.332671 0.075472 0.305672
3 0.810731 0.311590 0.062500 0.305672
3 0.139151 0.295779 0.051887 0.295132
4 0.863797 0.276016 0.045991 0.292497
4 0.101415 0.253618 0.023585 0.205538
5 0.906250 0.227267 0.036557 0.200268
6 0.075472 0.203551 0.025943 0.131755
0 0.564269 0.770098 0.095519 0.231889
0 0.459906 0.764828 0.099057 0.237159
1 0.657429 0.756923 0.086085 0.231889
1 0.356722 0.758240 0.097877 0.229254
2 0.744104 0.730572 0.082547 0.226619
2 0.266509 0.713443 0.080189 0.245065
3 0.808373 0.652836 0.069575 0.187092
3 0.201061 0.654154 0.083726 0.231889
4 0.840212 0.551385 0.076651 0.147566
4 0.145637 0.551385 0.067217 0.173917