0 0.538915 0.430836 0.120283 0.390083
0 0.418042 0.430836 0.116745 0.379017
1 0.645637 0.419770 0.095519 0.312620
1 0.317217 0.421153 0.082547 0.293254
2 0.725825 0.365822 0.067217 0.337519
2 0.241156 0.369972 0.071934 0.273888
3 0.780071 0.303575 0.041274 0.273888
3 0.183962 0.302192 0.042453 0.248989
4 0.815448 0.255161 0.027123 0.215791
4 0.150943 0.237178 0.023585 0.190892
5 0.839623 0.185997 0.018868 0.127261
5 0.123821 0.180464 0.030660 0.132794
0 0.504127 0.779421 0.083726 0.235156
0 0.422170 0.779421 0.077830 0.240690
1 0.585495 0.769738 0.086085 0.215791
1 0.341981 0.740690 0.080189 0.224090
2 0.660967 0.719940 0.081368 0.193658
2 0.268868 0.656310 0.063679 0.171526
3 0.726415 0.606512 0.056604 0.132794
3 0.212854 0.562247 0.048349 0.149394
4 0.771226 0.512449 0.037736 0.143860
4 0.172170 0.475101 0.042453 0.135561