0 0.577241 0.327067 0.161557 0.279717
0 0.422170 0.324232 0.146226 0.289167
1 0.702830 0.330847 0.108491 0.200338
1 0.295991 0.311002 0.101415 0.232467
2 0.807783 0.323287 0.101415 0.226798
2 0.191038 0.307222 0.108491 0.243807
3 0.891509 0.335572 0.066038 0.206008
3 0.106722 0.314782 0.083726 0.198448
4 0.941627 0.338407 0.036557 0.158758
4 0.052476 0.309112 0.055425 0.183328
5 0.978774 0.313837 0.037736 0.154978
5 0.022995 0.322342 0.045990 0.160648
0 0.542453 0.504725 0.082547 0.223018
0 0.449292 0.508505 0.082547 0.234357
1 0.637972 0.513230 0.106132 0.258927
1 0.357311 0.497165 0.101415 0.241917
2 0.737028 0.514175 0.087264 0.223018
2 0.256486 0.504725 0.095519 0.226798
3 0.820755 0.499055 0.096698 0.170098
3 0.163915 0.492440 0.087264 0.190888
4 0.885613 0.499055 0.049528 0.124739
4 0.090212 0.478265 0.055425 0.147418
5 0.942807 0.465980 0.074292 0.137969
5 0.032429 0.494330 0.060142 0.168208