0 0.511203 0.691665 0.201651 0.484896
0 0.307783 0.708047 0.200472 0.452133
1 0.674528 0.745905 0.122642 0.508190
1 0.130307 0.736076 0.170991 0.527848
2 0.796580 0.757372 0.123821 0.485256
3 0.903892 0.781944 0.119104 0.436112
4 0.971698 0.801602 0.056604 0.396796
0 0.455189 0.187111 0.136792 0.353843
0 0.314269 0.208407 0.126179 0.344014
1 0.593750 0.228065 0.128538 0.330909
1 0.182193 0.246085 0.128538 0.327633
2 0.725236 0.293591 0.134434 0.363672
2 0.056604 0.301782 0.113208 0.334185
3 0.829599 0.339460 0.102594 0.232619
4 0.897406 0.408263 0.077830 0.193303
5 0.954599 0.473789 0.055425 0.114671