0 0.551297 0.381287 0.135613 0.337253
0 0.410377 0.385334 0.132075 0.329159
1 0.667453 0.388032 0.091981 0.248218
1 0.302476 0.366448 0.079009 0.280595
2 0.754127 0.351609 0.081368 0.267105
2 0.222877 0.316534 0.073113 0.294085
3 0.818396 0.301695 0.049528 0.215842
3 0.168632 0.276064 0.042453 0.218540
4 0.859670 0.265272 0.035377 0.132203
4 0.133255 0.232895 0.033019 0.159184
0 0.510024 0.771152 0.076651 0.248218
0 0.430425 0.765756 0.082547 0.253614
1 0.587264 0.764407 0.080189 0.256312
1 0.351415 0.740124 0.075472 0.229332
2 0.669222 0.719889 0.095519 0.259010
2 0.278892 0.684815 0.064858 0.194258
3 0.757075 0.659184 0.082547 0.207748
3 0.216392 0.598478 0.062500 0.172674
4 0.816038 0.584988 0.044811 0.151089
4 0.176887 0.531027 0.051887 0.113317
5 0.849057 0.517537 0.037736 0.107921
5 0.156250 0.463577 0.036557 0.102525