0 0.611439 0.345862 0.133255 0.292525
0 0.474646 0.349237 0.140330 0.281274
1 0.727594 0.307609 0.096698 0.261022
1 0.351415 0.318860 0.101415 0.229520
2 0.816038 0.297483 0.080189 0.227269
2 0.257075 0.313234 0.084906 0.222769
3 0.866156 0.285107 0.055425 0.189016
3 0.191627 0.296358 0.060142 0.184516
4 0.905660 0.279481 0.049528 0.173265
4 0.155071 0.291857 0.048349 0.175515
5 0.940448 0.261480 0.027123 0.105759
5 0.114387 0.267105 0.033019 0.094508
0 0.576651 0.655263 0.084906 0.191266
0 0.492335 0.653013 0.081368 0.186766
1 0.666863 0.642887 0.090802 0.184516
1 0.400354 0.633886 0.100236 0.157513
2 0.752948 0.621510 0.079009 0.141762
2 0.314858 0.599008 0.073113 0.119260
3 0.817807 0.605759 0.062500 0.137262
3 0.246462 0.584382 0.063679 0.085507
4 0.853184 0.559630 0.067217 0.103509
4 0.211085 0.540503 0.049528 0.078757
5 0.883255 0.514626 0.049528 0.072006