0 0.658608 0.327453 0.142689 0.375611
0 0.508844 0.330975 0.152123 0.373264
1 0.780660 0.295761 0.101415 0.345093
1 0.380307 0.295761 0.100236 0.321617
2 0.867925 0.298109 0.103774 0.359178
2 0.291274 0.271112 0.103774 0.319270
3 0.929245 0.287545 0.075472 0.272318
3 0.232311 0.240593 0.061321 0.239452
4 0.973467 0.271112 0.053066 0.211281
4 0.195755 0.214770 0.042453 0.206586
0 0.649175 0.711281 0.090802 0.316922
0 0.555425 0.707760 0.094340 0.309879
1 0.741745 0.677242 0.091981 0.277013
1 0.452830 0.685458 0.103774 0.302837
2 0.816038 0.616205 0.082547 0.239452
2 0.372642 0.611510 0.094340 0.295794
3 0.865566 0.572775 0.075472 0.190153
3 0.304245 0.552820 0.070755 0.225367
4 0.907429 0.517607 0.050708 0.136159
4 0.265330 0.490610 0.051887 0.176068