0 0.531840 0.293503 0.172170 0.536071
0 0.347288 0.292136 0.194575 0.555216
1 0.680425 0.338632 0.122642 0.396583
1 0.188090 0.331794 0.119104 0.437609
2 0.781250 0.282563 0.076651 0.448549
2 0.084906 0.309914 0.089623 0.459489
3 0.846698 0.322221 0.051887 0.259830
3 0.020047 0.359145 0.040094 0.224275
4 0.893868 0.230597 0.042453 0.202394
5 0.939858 0.107519 0.044811 0.207864
0 0.499410 0.748890 0.112028 0.462225
0 0.382075 0.754360 0.122642 0.467695
1 0.611439 0.713334 0.109670 0.467695
1 0.261203 0.736582 0.119104 0.475900
2 0.718160 0.687351 0.103774 0.481370
2 0.146816 0.713334 0.112028 0.434874
3 0.802476 0.580684 0.112028 0.268036
3 0.051887 0.592992 0.077830 0.216069
4 0.864976 0.453504 0.079009 0.155898
4 0.019458 0.547863 0.038915 0.125813
5 0.917453 0.319486 0.061321 0.177779