0 0.590802 0.358217 0.160377 0.301166
0 0.430425 0.360173 0.155660 0.305078
1 0.719340 0.348439 0.099057 0.242498
1 0.302476 0.368973 0.097877 0.224897
2 0.808962 0.354306 0.080189 0.222941
2 0.211085 0.387551 0.080189 0.203385
3 0.862618 0.362128 0.060142 0.164273
3 0.151533 0.383640 0.064858 0.179918
4 0.903892 0.372884 0.045991 0.127116
4 0.090212 0.366040 0.055425 0.129071
5 0.950472 0.364084 0.044811 0.136894
5 0.050118 0.335727 0.027123 0.088003
0 0.551887 0.658406 0.094340 0.232720
0 0.449292 0.661339 0.110849 0.230764
1 0.645637 0.660361 0.093160 0.236631
1 0.345519 0.666228 0.096698 0.256187
2 0.733491 0.660361 0.084906 0.232720
2 0.253538 0.676984 0.084906 0.219030
3 0.814269 0.676006 0.076651 0.248365
3 0.195165 0.665250 0.064858 0.152539
4 0.875590 0.669162 0.055425 0.187740
4 0.148585 0.634938 0.094340 0.174051
5 0.915094 0.641783 0.049528 0.117338
5 0.108491 0.574314 0.073113 0.127116
6 0.946344 0.601693 0.081368 0.138849
7 0.959316 0.489244 0.076651 0.086048