0 0.550118 0.411125 0.119104 0.438172
0 0.431014 0.417326 0.116745 0.442306
1 0.658019 0.367722 0.094340 0.458841
1 0.325472 0.384256 0.091981 0.442306
2 0.737618 0.330518 0.086085 0.442306
2 0.242335 0.351187 0.090802 0.467108
3 0.800118 0.285048 0.060142 0.343097
3 0.174528 0.320184 0.066038 0.380300
4 0.844340 0.208574 0.047170 0.322428
4 0.127358 0.285048 0.042453 0.334830
5 0.885024 0.163104 0.036557 0.206685
5 0.090212 0.251978 0.036557 0.276958
0 0.530660 0.721153 0.080189 0.396835
0 0.447524 0.725287 0.086085 0.413370
1 0.610849 0.731487 0.080189 0.334830
1 0.363208 0.745955 0.084906 0.338963
2 0.691038 0.700484 0.080189 0.314161
2 0.280071 0.714952 0.079009 0.310027
3 0.754717 0.621944 0.068396 0.272824
3 0.208137 0.646746 0.064858 0.322428
4 0.808373 0.576473 0.050708 0.264557
4 0.156250 0.605409 0.036557 0.231487
5 0.862618 0.477265 0.060142 0.231487
5 0.115566 0.516535 0.051887 0.186016
6 0.900943 0.324318 0.028302 0.165348
6 0.061910 0.220975 0.020047 0.173615