0 0.566038 0.437882 0.143868 0.403080
0 0.420401 0.433740 0.140330 0.416884
1 0.681604 0.426838 0.087264 0.364428
1 0.304835 0.428219 0.090802 0.350624
2 0.762382 0.410273 0.071934 0.380993
2 0.226415 0.415795 0.070755 0.342342
3 0.802476 0.465490 0.043632 0.237431
3 0.184552 0.433740 0.043632 0.256756
4 0.837264 0.418556 0.023585 0.176693
4 0.146226 0.437882 0.028302 0.176693
6 0.108491 0.388187 0.042453 0.193257
0 0.535377 0.745713 0.087264 0.196018
0 0.447524 0.747094 0.086085 0.204301
1 0.625000 0.712583 0.091981 0.184975
1 0.354953 0.715344 0.091981 0.218105
2 0.715212 0.680834 0.090802 0.149084
2 0.266509 0.682214 0.084906 0.190497