0 0.577830 0.409581 0.141509 0.361676
0 0.423349 0.416157 0.143868 0.368252
1 0.697524 0.427665 0.093160 0.312357
1 0.307193 0.430953 0.086085 0.286053
2 0.783019 0.373413 0.075472 0.381404
2 0.215802 0.373413 0.094340 0.341948
3 0.849646 0.360261 0.055425 0.328797
3 0.142689 0.368481 0.049528 0.312357
4 0.889741 0.347110 0.041274 0.276189
4 0.104363 0.347110 0.038915 0.256461
5 0.925708 0.324094 0.042453 0.217006
5 0.080189 0.314230 0.037736 0.243309
6 0.047759 0.291214 0.029481 0.170974
0 0.531250 0.680838 0.088443 0.312357
0 0.449882 0.680838 0.074292 0.312357
1 0.617925 0.670974 0.084906 0.345236
1 0.372642 0.692346 0.075472 0.348524
2 0.702830 0.664398 0.084906 0.279477
2 0.291863 0.672618 0.083726 0.315645
3 0.776533 0.677550 0.076651 0.253173
3 0.211085 0.679194 0.073113 0.263037
4 0.830189 0.601927 0.044811 0.213718
4 0.158019 0.626587 0.051887 0.210430
5 0.870873 0.577267 0.045991 0.164398
5 0.110849 0.569047 0.042453 0.174262
7 0.910377 0.481916 0.030660 0.105215
7 0.080778 0.483560 0.034198 0.095351