0 0.564858 0.370012 0.158019 0.461331
0 0.406250 0.373835 0.154481 0.468978
1 0.691627 0.336877 0.123821 0.451136
1 0.274764 0.363640 0.106132 0.402709
2 0.787736 0.313938 0.094340 0.486819
2 0.185142 0.322859 0.091981 0.489368
3 0.870283 0.306292 0.070755 0.359380
3 0.112028 0.321585 0.054245 0.384868
4 0.945165 0.301194 0.079009 0.323697
4 0.061910 0.297371 0.048349 0.295660
5 0.985849 0.280804 0.028302 0.257428
5 0.019458 0.273158 0.031840 0.308404
0 0.516509 0.765074 0.099057 0.425648
0 0.414505 0.765074 0.102594 0.420551
1 0.614387 0.753605 0.099057 0.402709
1 0.313679 0.748507 0.101415 0.392514
2 0.712264 0.739586 0.096698 0.354282
2 0.221698 0.740861 0.082547 0.448587
3 0.798939 0.696257 0.095519 0.318599
3 0.143868 0.697531 0.070755 0.341538
4 0.877358 0.613421 0.101415 0.321148
4 0.094929 0.595580 0.071934 0.249782
5 0.950472 0.570092 0.089623 0.209001
5 0.039505 0.557348 0.071934 0.234489