0 0.554835 0.408680 0.156840 0.493126
0 0.398585 0.415986 0.155660 0.478515
1 0.682193 0.377632 0.095519 0.438334
1 0.270637 0.353889 0.097877 0.405459
2 0.767689 0.326493 0.073113 0.336056
2 0.188679 0.291791 0.066038 0.288570
3 0.826061 0.271701 0.057783 0.197250
3 0.139741 0.233347 0.045991 0.171681
0 0.530071 0.808660 0.100236 0.248389
0 0.434552 0.803181 0.090802 0.237431
1 0.629717 0.786744 0.099057 0.241084
1 0.339033 0.784917 0.095519 0.208209
2 0.709906 0.702730 0.099057 0.343362
2 0.260024 0.684466 0.090802 0.306834
3 0.787146 0.629674 0.083726 0.321445
3 0.185731 0.622368 0.071934 0.343362
4 0.826651 0.529222 0.073113 0.332403
4 0.147406 0.525569 0.061321 0.347014
5 0.884434 0.399548 0.051887 0.306834
5 0.105542 0.384937 0.067217 0.292223