0 0.568396 0.118322 0.127358 0.236644
0 0.437500 0.119371 0.132075 0.238742
1 0.681604 0.179986 0.108491 0.222436
1 0.330189 0.181035 0.113208 0.224534
2 0.743514 0.296450 0.121462 0.211944
2 0.255896 0.280712 0.127358 0.226633
3 0.785967 0.466425 0.147406 0.195156
3 0.216981 0.443342 0.141509 0.220337
4 0.813679 0.644793 0.146226 0.165778
4 0.189858 0.612267 0.148585 0.197254
5 0.836675 0.836802 0.166274 0.243420
5 0.157429 0.775946 0.161557 0.256011
6 0.872052 0.946970 0.149764 0.102824
6 0.109670 0.925986 0.148585 0.132202