0 0.555425 0.454438 0.129717 0.285878
0 0.424528 0.448185 0.132075 0.294811
1 0.668632 0.447291 0.091981 0.260863
1 0.309552 0.446398 0.095519 0.244783
2 0.748821 0.446398 0.063679 0.255503
2 0.222288 0.415130 0.074292 0.253716
3 0.804835 0.438358 0.045991 0.228702
3 0.155071 0.411557 0.055425 0.200114
4 0.839623 0.436571 0.028302 0.207261
4 0.105542 0.394583 0.041274 0.173313
0 0.515330 0.698328 0.080189 0.209048
0 0.432193 0.688501 0.083726 0.182247
1 0.599057 0.692074 0.084906 0.217982
1 0.346108 0.671527 0.088443 0.205475
2 0.684552 0.680460 0.081368 0.226915
2 0.267689 0.634005 0.063679 0.173313
3 0.752948 0.653659 0.055425 0.159019
3 0.205778 0.605417 0.060142 0.162593
4 0.798939 0.618818 0.034198 0.132218
4 0.149175 0.589337 0.053066 0.159019
5 0.833726 0.608991 0.035377 0.126858
5 0.099057 0.542882 0.047170 0.108991