0 0.697524 0.398760 0.204009 0.398731
0 0.491156 0.378512 0.208726 0.426767
1 0.881486 0.366051 0.163915 0.408076
1 0.308962 0.334900 0.155660 0.414306
2 0.975236 0.359821 0.049528 0.345775
2 0.172759 0.309980 0.116745 0.352005
3 0.083137 0.263253 0.090802 0.264782
4 0.027712 0.253908 0.055424 0.258552
0 0.666274 0.733631 0.134434 0.420537
0 0.528892 0.733631 0.142689 0.420537
1 0.806604 0.728959 0.143868 0.299048
1 0.380307 0.714941 0.137972 0.414306
2 0.937500 0.672887 0.115566 0.323969
2 0.239976 0.688463 0.142689 0.411191
3 0.136203 0.699366 0.119104 0.401846
4 0.064858 0.674445 0.099057 0.339544