0 0.696344 0.418171 0.206368 0.482363
0 0.496462 0.418171 0.200472 0.499590
1 0.868514 0.370796 0.168632 0.525431
1 0.334316 0.369360 0.121462 0.482363
2 0.968750 0.311936 0.062500 0.499590
2 0.216392 0.356440 0.109670 0.508203
3 0.137972 0.346390 0.061321 0.465135
4 0.100236 0.311936 0.047170 0.384742
5 0.061910 0.232978 0.045991 0.261280
0 0.629717 0.874180 0.122642 0.251640
0 0.512972 0.878999 0.106132 0.226825
1 0.752948 0.856952 0.126179 0.286095
1 0.405660 0.885664 0.108491 0.228671
2 0.883255 0.822498 0.139151 0.355004
2 0.297170 0.863208 0.125000 0.269893
3 0.217571 0.838802 0.097877 0.318704
4 0.155660 0.808655 0.084906 0.304348
3 0.968160 0.769893 0.063679 0.341674
5 0.113797 0.734003 0.079009 0.246924
6 0.079009 0.655045 0.068396 0.186628
7 0.053656 0.545939 0.057783 0.163659