0 0.607311 0.642640 0.233491 0.582086
0 0.367335 0.648403 0.208726 0.582086
1 0.789505 0.610942 0.154481 0.507164
1 0.198113 0.648403 0.125000 0.553270
2 0.918632 0.573481 0.106132 0.489874
2 0.079599 0.628232 0.112028 0.478348
3 0.971108 0.497118 0.057783 0.291043
3 0.021226 0.543224 0.042452 0.273753
0 0.525354 0.268030 0.130896 0.466822
0 0.397406 0.246418 0.125000 0.423597
1 0.665684 0.208937 0.149764 0.417874
1 0.267099 0.208957 0.135613 0.412071
2 0.801887 0.198871 0.122642 0.397663
2 0.142689 0.224806 0.110849 0.449532
3 0.906250 0.220483 0.083726 0.331386
3 0.053656 0.270912 0.081368 0.288161
4 0.968750 0.266589 0.043632 0.170015