0 0.571344 0.461834 0.147406 0.424807
0 0.424528 0.468471 0.136792 0.424807
1 0.696934 0.392139 0.106132 0.358431
1 0.305425 0.420349 0.096698 0.381662
2 0.794222 0.357291 0.102594 0.321924
2 0.218750 0.393798 0.088443 0.381662
3 0.871462 0.304191 0.073113 0.275461
3 0.155071 0.355632 0.074292 0.305330
4 0.924528 0.274321 0.037736 0.262186
4 0.112028 0.327422 0.030660 0.275461
5 0.956958 0.201308 0.027123 0.162621
5 0.083137 0.262705 0.031840 0.199128
0 0.526533 0.709085 0.088443 0.215722
0 0.436321 0.722360 0.089623 0.235635
1 0.617335 0.669259 0.088443 0.195809
1 0.347877 0.717382 0.089623 0.212403
2 0.708726 0.622796 0.091981 0.175897
2 0.264741 0.670918 0.081368 0.179215