0 0.586085 0.236529 0.153302 0.467449
0 0.432193 0.219531 0.152123 0.433452
1 0.716392 0.229446 0.102594 0.453283
1 0.303066 0.220947 0.106132 0.436285
2 0.796580 0.240793 0.083726 0.481585
2 0.219929 0.253541 0.102594 0.507082
3 0.849057 0.300272 0.066038 0.345629
3 0.163915 0.318687 0.073113 0.399456
4 0.903302 0.313021 0.070755 0.337130
4 0.094929 0.345600 0.064858 0.368293
5 0.951651 0.297439 0.033019 0.260638
5 0.046580 0.359765 0.050708 0.271970
0 0.533608 0.771970 0.095519 0.450450
0 0.438090 0.760638 0.093160 0.450450
1 0.625590 0.757805 0.090802 0.439118
1 0.346108 0.769137 0.088443 0.427786
2 0.712264 0.756388 0.077830 0.464616
2 0.263561 0.759221 0.076651 0.413621
3 0.773585 0.745056 0.091981 0.373959
3 0.199292 0.774803 0.087264 0.371126
4 0.842571 0.762055 0.100236 0.311632
4 0.122052 0.776220 0.107311 0.345629
5 0.899764 0.699728 0.096698 0.283302
5 0.057783 0.718143 0.077830 0.308799