0 0.425118 0.318112 0.168632 0.545665
0 0.254717 0.312337 0.169811 0.551439
1 0.571934 0.282023 0.127358 0.519681
1 0.112618 0.279135 0.112028 0.525455
2 0.686910 0.276248 0.102594 0.525455
2 0.033019 0.254595 0.066038 0.487923
3 0.778892 0.235829 0.083726 0.461939
4 0.846698 0.205514 0.073113 0.401309
5 0.895047 0.154989 0.044811 0.300260
6 0.927476 0.120344 0.022406 0.219421
0 0.390920 0.759841 0.107311 0.476374
0 0.287146 0.758397 0.100236 0.479262
1 0.496462 0.735300 0.101415 0.444616
1 0.186321 0.736744 0.099057 0.441729
2 0.609080 0.741074 0.121462 0.496584
2 0.089033 0.741074 0.100236 0.508133
3 0.706958 0.663122 0.100236 0.427293
3 0.027712 0.713647 0.055424 0.459052
4 0.788325 0.606823 0.083726 0.285825
5 0.877358 0.517323 0.099057 0.291599
6 0.945165 0.387402 0.076651 0.233857