0 0.591981 0.367014 0.155660 0.512136
0 0.433373 0.358526 0.159198 0.523454
1 0.714033 0.365600 0.112028 0.464035
1 0.299528 0.371259 0.103774 0.452717
2 0.814858 0.351452 0.091981 0.509306
2 0.201651 0.331646 0.091981 0.526283
3 0.887382 0.333061 0.076651 0.461205
3 0.139741 0.369844 0.062500 0.404616
4 0.936910 0.358526 0.036557 0.348026
4 0.088443 0.378332 0.058962 0.353685
5 0.974646 0.320328 0.038915 0.362173
5 0.041274 0.323157 0.058962 0.418763
0 0.558373 0.758897 0.097877 0.430081
0 0.460495 0.763142 0.095519 0.438569
1 0.658019 0.756068 0.099057 0.452717
1 0.361439 0.743335 0.100236 0.432911
2 0.750000 0.729188 0.084906 0.398957
2 0.274175 0.757483 0.074292 0.421593
3 0.820755 0.746165 0.082547 0.336708
3 0.202830 0.788607 0.094340 0.387639
4 0.906250 0.709382 0.083726 0.342367
4 0.139151 0.716455 0.061321 0.282948
5 0.965212 0.642889 0.050708 0.232017
5 0.071934 0.683916 0.070755 0.246165
6 0.017099 0.666939 0.034198 0.229188