0 0.450472 0.452006 0.176887 0.465827
0 0.286557 0.446359 0.148585 0.465827
1 0.597877 0.447771 0.129717 0.350076
1 0.167453 0.419539 0.108491 0.355722
2 0.701651 0.406835 0.099057 0.415009
2 0.077241 0.357429 0.102594 0.361369
3 0.772406 0.411069 0.063679 0.344430
3 0.016509 0.351782 0.033018 0.276673
4 0.827241 0.374368 0.060142 0.333137
5 0.876769 0.289672 0.041274 0.276673
0 0.396816 0.855164 0.102594 0.289672
0 0.295991 0.852341 0.096698 0.295318
1 0.499410 0.852341 0.102594 0.295318
1 0.199882 0.831725 0.093160 0.287966
2 0.604363 0.838783 0.104953 0.313374
2 0.103184 0.782319 0.095519 0.307728
3 0.682783 0.814786 0.077830 0.214563
3 0.040094 0.724444 0.070755 0.242795
4 0.750000 0.761145 0.075472 0.169392