0 0.576651 0.484117 0.113208 0.352310
0 0.439269 0.489893 0.109670 0.358086
1 0.675118 0.469678 0.083726 0.277228
1 0.340802 0.485561 0.087264 0.285891
2 0.748821 0.437913 0.061321 0.317657
2 0.261203 0.478342 0.071934 0.283003
3 0.801887 0.400371 0.044811 0.248350
3 0.200472 0.437913 0.051887 0.231023
4 0.834906 0.390264 0.025943 0.153053
4 0.159788 0.417698 0.027123 0.179043
6 0.863208 0.316625 0.023585 0.127063
5 0.126769 0.354167 0.038915 0.167492
0 0.554245 0.707921 0.070755 0.101073
0 0.482311 0.713696 0.068396 0.095297
1 0.622052 0.684818 0.067217 0.118399
1 0.412736 0.702145 0.073113 0.112624
2 0.683962 0.650165 0.056604 0.095297
2 0.339033 0.679043 0.069575 0.101073