0 0.523585 0.477297 0.219340 0.448002
0 0.311910 0.444000 0.204009 0.490380
1 0.715212 0.427351 0.163915 0.475245
1 0.130896 0.360756 0.158019 0.487353
2 0.860849 0.351675 0.132075 0.463137
2 0.033608 0.265404 0.067216 0.387461
3 0.957547 0.282053 0.084906 0.420758
0 0.481722 0.858704 0.130896 0.193731
0 0.352594 0.845082 0.129717 0.196758
1 0.615566 0.836001 0.127358 0.148325
1 0.215212 0.776974 0.121462 0.157406
2 0.739976 0.743677 0.086085 0.157406
2 0.094929 0.671028 0.109670 0.175568
4 0.895047 0.616541 0.127358 0.236109