0 0.601415 0.199960 0.174528 0.399919
0 0.427476 0.201294 0.170991 0.402588
1 0.751179 0.182411 0.127358 0.349615
1 0.283608 0.182612 0.119104 0.365224
2 0.868514 0.183947 0.109670 0.367893
2 0.176297 0.174606 0.095519 0.349212
3 0.942217 0.131905 0.073113 0.263810
3 0.095519 0.130570 0.089623 0.261140
4 0.989387 0.083664 0.021226 0.162798
4 0.041274 0.094340 0.058962 0.184148
0 0.576061 0.866761 0.114387 0.266478
0 0.460495 0.842943 0.114387 0.309583
1 0.680425 0.822927 0.113208 0.344278
1 0.361439 0.784229 0.121462 0.341609
2 0.792453 0.764213 0.108491 0.360290
2 0.247052 0.782895 0.102594 0.344278
3 0.873821 0.636110 0.080189 0.306914
3 0.172170 0.686817 0.089623 0.306914
4 0.926297 0.518682 0.079009 0.232187
4 0.124410 0.572058 0.083726 0.264213
5 0.972877 0.402588 0.049528 0.165467
5 0.077830 0.450627 0.073113 0.197493
6 0.053066 0.369228 0.066038 0.162798