0 0.550708 0.452227 0.160377 0.308931
0 0.389151 0.437895 0.165094 0.331225
1 0.683962 0.407639 0.103774 0.315301
1 0.251769 0.366236 0.107311 0.283452
2 0.776533 0.388530 0.081368 0.283452
2 0.159198 0.329610 0.077830 0.280267
3 0.841392 0.367828 0.048349 0.280267
3 0.094929 0.272283 0.045991 0.242049
4 0.890920 0.304131 0.045991 0.229310
4 0.056604 0.194254 0.028302 0.194276
0 0.522406 0.754788 0.096698 0.283452
0 0.422170 0.745234 0.099057 0.277082
1 0.616156 0.726125 0.090802 0.302561
1 0.321344 0.687906 0.095519 0.302561
2 0.700472 0.711793 0.080189 0.305746
2 0.234080 0.632172 0.079009 0.267528
3 0.775943 0.636949 0.070755 0.219755
3 0.163915 0.574844 0.058962 0.210200
4 0.835495 0.581214 0.045991 0.127394
4 0.116745 0.472929 0.037736 0.127394
6 0.926887 0.261136 0.023585 0.143319