0 0.564858 0.367380 0.148585 0.453914
0 0.415094 0.367380 0.146226 0.453914
1 0.687500 0.390623 0.094340 0.358210
1 0.289505 0.385154 0.100236 0.341803
2 0.768868 0.368748 0.066038 0.385554
2 0.206368 0.344138 0.063679 0.369147
3 0.823113 0.390623 0.042453 0.221488
3 0.151533 0.375584 0.043632 0.218754
4 0.863797 0.345505 0.031840 0.175003
4 0.117925 0.301754 0.028302 0.169534
5 0.891509 0.285348 0.023585 0.114846
5 0.086085 0.199213 0.023585 0.155862
0 0.536557 0.711918 0.089623 0.432039
0 0.439858 0.703715 0.096698 0.415633
1 0.630896 0.722856 0.096698 0.377351
1 0.342571 0.694144 0.095519 0.380085
2 0.724057 0.705082 0.089623 0.352741
2 0.250000 0.680472 0.089623 0.391023
3 0.795991 0.609377 0.073113 0.166800
3 0.180425 0.590236 0.087264 0.199613
4 0.834906 0.556056 0.056604 0.164065
4 0.136203 0.505469 0.062500 0.128518
5 0.869104 0.487695 0.040094 0.125784
5 0.102594 0.435741 0.051887 0.120315
6 0.890920 0.423436 0.027123 0.128518
6 0.086085 0.350974 0.035377 0.103908