0 0.581958 0.450197 0.130896 0.388708
0 0.448703 0.451412 0.133255 0.395996
1 0.693986 0.421044 0.090802 0.369272
1 0.333726 0.406467 0.091981 0.354696
2 0.775354 0.414970 0.071934 0.347407
2 0.245873 0.399179 0.083726 0.349837
3 0.826651 0.404038 0.051887 0.286672
3 0.186910 0.389461 0.053066 0.310966
4 0.860849 0.399179 0.042453 0.242942
4 0.149175 0.400394 0.041274 0.235654
5 0.886792 0.379744 0.028302 0.174918
5 0.122052 0.353020 0.022406 0.174918
6 0.912736 0.331155 0.021226 0.136048
6 0.099057 0.304431 0.018868 0.126330
0 0.553656 0.740513 0.081368 0.327972
0 0.475236 0.742942 0.077830 0.327972
1 0.632075 0.717433 0.077830 0.301248
1 0.393868 0.733225 0.080189 0.298819
2 0.712264 0.719863 0.080189 0.306107
2 0.311321 0.717433 0.082547 0.296390
3 0.768868 0.674918 0.066038 0.225936
3 0.252358 0.667630 0.068396 0.221077
4 0.815448 0.637262 0.053066 0.208930
4 0.199292 0.642121 0.054245 0.199213
5 0.859670 0.622686 0.070755 0.174918
5 0.148585 0.603250 0.070755 0.160342
6 0.897995 0.538871 0.043632 0.133618
7 0.110849 0.504859 0.042453 0.114183