0 0.525943 0.266998 0.183962 0.380161
0 0.350825 0.254735 0.175708 0.399782
1 0.675708 0.258414 0.115566 0.328655
1 0.195165 0.226529 0.133255 0.323750
2 0.782429 0.213040 0.093160 0.380161
2 0.081958 0.210587 0.095519 0.336013
3 0.861439 0.150054 0.060142 0.300108
3 0.016509 0.176250 0.033018 0.252623
4 0.906840 0.135339 0.056604 0.270677
5 0.958726 0.134555 0.054245 0.262434
0 0.491156 0.620180 0.104953 0.326203
0 0.384434 0.611596 0.108491 0.313939
1 0.600825 0.584616 0.109670 0.328655
1 0.267689 0.594427 0.125000 0.382614
2 0.709906 0.574806 0.108491 0.372803
2 0.148585 0.590748 0.113208 0.453740
3 0.802476 0.513490 0.100236 0.299223
3 0.045401 0.503679 0.086085 0.328655
4 0.874410 0.441136 0.079009 0.286960
5 0.934552 0.389631 0.060142 0.223191