0 0.527712 0.361258 0.142689 0.501261
0 0.382665 0.374685 0.135613 0.444570
1 0.653892 0.358275 0.107311 0.417717
1 0.270047 0.392587 0.089623 0.355060
2 0.741745 0.361258 0.068396 0.429652
2 0.190448 0.335897 0.069575 0.414733
3 0.800118 0.370209 0.067217 0.304337
3 0.139741 0.320978 0.057783 0.307320
4 0.853774 0.309044 0.040094 0.265549
4 0.104363 0.273239 0.027123 0.199907
5 0.893868 0.259813 0.042453 0.220793
5 0.076061 0.200139 0.027123 0.149185
6 0.934552 0.197155 0.034198 0.173054
0 0.515920 0.702891 0.090802 0.420701
0 0.431604 0.699907 0.080189 0.432636
1 0.604953 0.726761 0.087264 0.384897
1 0.347877 0.677530 0.087264 0.352076
2 0.685731 0.741679 0.074292 0.414733
2 0.266509 0.686481 0.073113 0.310304
3 0.759434 0.677530 0.075472 0.328206
3 0.194575 0.644709 0.068396 0.286435
4 0.813090 0.638742 0.055425 0.262565
4 0.150943 0.573101 0.047170 0.214826
5 0.867335 0.534312 0.057783 0.208859
5 0.114976 0.483590 0.034198 0.173054
6 0.912146 0.443310 0.031840 0.152168