0 0.659788 0.457460 0.154481 0.322086
0 0.502358 0.448345 0.153302 0.340317
1 0.787146 0.468602 0.102594 0.259289
1 0.376769 0.464550 0.093160 0.251186
2 0.874410 0.489872 0.090802 0.261315
2 0.288915 0.459486 0.077830 0.281572
3 0.949882 0.475692 0.079009 0.208647
3 0.224646 0.448345 0.069575 0.243084
4 0.172170 0.436191 0.054245 0.186364
6 0.120283 0.396689 0.035377 0.119516
0 0.624410 0.730930 0.088443 0.305880
0 0.535377 0.733968 0.089623 0.291700
1 0.716981 0.728904 0.099057 0.265366
1 0.442217 0.723840 0.096698 0.267392
2 0.823703 0.744097 0.119104 0.299803
2 0.337264 0.719788 0.108491 0.287649
3 0.926297 0.717762 0.116745 0.263341
3 0.238797 0.680287 0.104953 0.228904
4 0.162146 0.643825 0.081368 0.196493
5 0.133844 0.605336 0.048349 0.168133