0 0.545401 0.460579 0.128538 0.264910
0 0.410377 0.454271 0.134434 0.271217
1 0.653302 0.418004 0.089623 0.211297
1 0.294222 0.399082 0.095519 0.236527
2 0.734670 0.413274 0.073113 0.214451
2 0.210495 0.373852 0.071934 0.242834
3 0.799528 0.381737 0.058962 0.233373
3 0.158608 0.332854 0.053066 0.223912
4 0.843160 0.351777 0.044811 0.242834
4 0.118514 0.298164 0.045991 0.211297
0 0.506486 0.727066 0.081368 0.261756
0 0.424528 0.722335 0.080189 0.252295
1 0.596698 0.678184 0.099057 0.290140
1 0.343160 0.662415 0.077830 0.264910
2 0.682783 0.659261 0.073113 0.258603
2 0.267689 0.610379 0.070755 0.198682
3 0.747642 0.616687 0.058962 0.186068
3 0.206368 0.563074 0.049528 0.160838
4 0.784788 0.569381 0.038915 0.154531
4 0.165094 0.504731 0.047170 0.107225