0 0.685731 0.475609 0.168632 0.402455
0 0.514151 0.478048 0.169811 0.421968
1 0.819575 0.451218 0.099057 0.363429
1 0.366156 0.448778 0.121462 0.368308
2 0.926887 0.407313 0.113208 0.417090
2 0.245283 0.393898 0.120283 0.419529
3 0.148585 0.385361 0.073113 0.329282
4 0.105542 0.357311 0.031840 0.258547
5 0.076061 0.317066 0.027123 0.207325
6 0.041863 0.260966 0.036557 0.231717
0 0.634434 0.890859 0.096698 0.218281
0 0.532429 0.886601 0.109670 0.214643
1 0.739387 0.876844 0.110849 0.239034
1 0.417453 0.882322 0.122642 0.235355
2 0.851415 0.857331 0.136792 0.273182
2 0.301297 0.847575 0.109670 0.292695
3 0.945165 0.809769 0.109670 0.256108
3 0.200472 0.837199 0.094340 0.325602
4 0.974057 0.701228 0.051886 0.126834
4 0.099646 0.774401 0.100236 0.282938
5 0.048349 0.629274 0.058962 0.187812