0 0.588443 0.559043 0.202830 0.461846
0 0.386792 0.541986 0.198113 0.427732
1 0.751179 0.593156 0.120283 0.414611
1 0.219929 0.560355 0.135613 0.354257
2 0.870873 0.631206 0.119104 0.396243
2 0.084316 0.643015 0.135613 0.419860
3 0.956368 0.661384 0.087264 0.356881
3 0.019458 0.602341 0.038915 0.259788
0 0.538915 0.137819 0.125000 0.275638
0 0.419811 0.139183 0.113208 0.272909
1 0.652712 0.167996 0.119104 0.335992
1 0.303656 0.148315 0.116745 0.296630
2 0.772995 0.186365 0.121462 0.372730
2 0.186910 0.165372 0.116745 0.330744
3 0.877948 0.187677 0.112028 0.375354
3 0.077241 0.170620 0.102594 0.341240
4 0.946934 0.258581 0.089623 0.286029
4 0.025354 0.242836 0.050708 0.291278