0 0.532429 0.302616 0.206368 0.353067
0 0.334316 0.267865 0.189858 0.422569
1 0.709316 0.251185 0.145047 0.333607
1 0.170991 0.240065 0.134434 0.467049
2 0.843750 0.223384 0.123821 0.266885
2 0.051887 0.253965 0.103774 0.494850
3 0.938679 0.181684 0.066038 0.227965
4 0.984670 0.145543 0.030660 0.200164
0 0.488208 0.811856 0.117925 0.376287
0 0.370283 0.814636 0.117925 0.370727
1 0.612618 0.797956 0.130896 0.404088
1 0.246462 0.823877 0.127358 0.344727
2 0.744693 0.737695 0.130896 0.433689
2 0.115566 0.809076 0.136792 0.381848
3 0.843750 0.568111 0.095519 0.289126
3 0.028892 0.762715 0.057783 0.294686
4 0.911557 0.461079 0.106132 0.225185