0 0.510613 0.376179 0.162736 0.518868
0 0.362618 0.391903 0.152123 0.550314
1 0.638561 0.356525 0.090802 0.416667
1 0.238797 0.407626 0.090802 0.361635
2 0.745873 0.360456 0.135613 0.495283
2 0.147995 0.399764 0.126179 0.503145
3 0.847288 0.389937 0.090802 0.389151
3 0.068396 0.425314 0.073113 0.397013
4 0.913325 0.362421 0.069575 0.389151
4 0.021816 0.405660 0.041274 0.349843
0 0.485849 0.712264 0.094340 0.279088
0 0.391509 0.716195 0.091981 0.286950
1 0.588443 0.674921 0.108491 0.267296
1 0.293632 0.720126 0.106132 0.263365
2 0.695755 0.653302 0.103774 0.279088
2 0.215212 0.690645 0.079009 0.267296
3 0.795401 0.674921 0.090802 0.204403
3 0.132665 0.682783 0.074292 0.188679
4 0.869693 0.635613 0.055425 0.125786
4 0.074882 0.672956 0.045991 0.121855
6 0.027123 0.637579 0.049528 0.113994
6 0.974057 0.246462 0.040094 0.220126