0 0.519458 0.427982 0.145047 0.499326
0 0.373231 0.434383 0.133255 0.531334
1 0.654481 0.378369 0.073113 0.457716
1 0.254717 0.419980 0.103774 0.432109
2 0.762972 0.311152 0.115566 0.457716
2 0.166274 0.375168 0.073113 0.291274
3 0.849646 0.271142 0.057783 0.371294
3 0.100825 0.338359 0.076651 0.352089
4 0.892099 0.224730 0.038915 0.259265
4 0.051297 0.304751 0.045991 0.252864
5 0.931014 0.157513 0.041274 0.208053
5 0.015920 0.215128 0.027123 0.214454
0 0.500000 0.708053 0.094340 0.361691
0 0.406250 0.706452 0.093160 0.364892
1 0.601415 0.671243 0.089623 0.377695
1 0.318396 0.703251 0.080189 0.377695
2 0.700472 0.664842 0.101415 0.441712
2 0.231722 0.752864 0.088443 0.425708
3 0.783608 0.612028 0.093160 0.342487
3 0.149764 0.666442 0.077830 0.374495
4 0.859080 0.546412 0.057783 0.204852
4 0.093160 0.610428 0.063679 0.198450
5 0.922759 0.424781 0.067217 0.243261
5 0.034198 0.469592 0.044811 0.185647
6 0.972288 0.279144 0.055424 0.220856