0 0.744693 0.273271 0.248821 0.546542
0 0.498821 0.273271 0.240566 0.546542
1 0.935142 0.263298 0.129716 0.523936
1 0.287736 0.263963 0.179245 0.527926
2 0.137382 0.276596 0.142689 0.545213
3 0.039505 0.232048 0.079009 0.464096
0 0.686321 0.825133 0.165094 0.349734
0 0.523585 0.821144 0.160377 0.357712
1 0.848467 0.821144 0.156840 0.357712
1 0.369693 0.803856 0.145047 0.392287
2 0.955189 0.801862 0.089622 0.393617
2 0.255896 0.769947 0.146226 0.457447
3 0.139741 0.772606 0.116745 0.452128
4 0.073113 0.704787 0.103774 0.481383
5 0.035377 0.602394 0.070754 0.367021