0 0.569575 0.360505 0.136792 0.554578
0 0.433373 0.353700 0.135613 0.561383
1 0.676887 0.362206 0.099057 0.483129
1 0.318396 0.399632 0.091981 0.435497
2 0.759434 0.345194 0.084906 0.489934
2 0.233491 0.384321 0.089623 0.445704
3 0.826061 0.333286 0.048349 0.336830
3 0.173939 0.391126 0.055425 0.336830
4 0.859080 0.369011 0.043632 0.217748
4 0.139741 0.375815 0.041274 0.217748
5 0.905071 0.312872 0.048349 0.302806
5 0.093750 0.345194 0.045991 0.313013
6 0.928066 0.328183 0.030660 0.210944
6 0.058962 0.324781 0.025943 0.217748
0 0.554835 0.665013 0.071934 0.367451
0 0.481132 0.665013 0.070755 0.367451
1 0.635613 0.678622 0.080189 0.347037
1 0.395047 0.675219 0.080189 0.387864
2 0.714623 0.704139 0.070755 0.323220
2 0.313090 0.678622 0.074292 0.292600
3 0.784788 0.653104 0.064858 0.336830
3 0.239976 0.682024 0.069575 0.251772
4 0.836085 0.644599 0.040094 0.292600
4 0.181604 0.649702 0.047170 0.241565
5 0.885613 0.585058 0.066038 0.221151
5 0.126179 0.617380 0.068396 0.244967
7 0.933962 0.535724 0.030660 0.163311
7 0.071934 0.588460 0.042453 0.173518