0 0.610259 0.351824 0.135613 0.454597
0 0.475236 0.350386 0.129717 0.457474
1 0.721698 0.315859 0.084906 0.428702
1 0.359080 0.324491 0.100236 0.394176
2 0.798939 0.292842 0.067217 0.405685
2 0.264151 0.302912 0.084906 0.391299
3 0.853184 0.295719 0.043632 0.348141
3 0.189858 0.271263 0.063679 0.339509
4 0.892099 0.281333 0.031840 0.325123
4 0.132665 0.233859 0.050708 0.316492
5 0.084316 0.187824 0.045991 0.247439
0 0.590212 0.714351 0.081368 0.276211
0 0.504717 0.721544 0.084906 0.284842
1 0.670991 0.692772 0.080189 0.313614
1 0.418042 0.688456 0.086085 0.316492
2 0.750590 0.708597 0.081368 0.425825
2 0.324882 0.687018 0.100236 0.371158
3 0.814269 0.659684 0.067217 0.402807
3 0.238797 0.599263 0.069575 0.304983
4 0.860259 0.586316 0.036557 0.290597
4 0.174528 0.560421 0.058962 0.238807
5 0.110259 0.485614 0.074292 0.227299
6 0.902123 0.528772 0.040094 0.164000
7 0.054245 0.392105 0.042453 0.161123