0 0.569575 0.414550 0.120283 0.299659
0 0.444575 0.412209 0.127358 0.309023
1 0.668632 0.395822 0.077830 0.252837
1 0.339623 0.393481 0.084906 0.262201
2 0.742335 0.379434 0.064858 0.266884
2 0.263561 0.407527 0.067217 0.271566
3 0.785377 0.352512 0.042453 0.198992
3 0.216392 0.384116 0.053066 0.206015
4 0.812500 0.341977 0.030660 0.159194
4 0.178656 0.368899 0.045991 0.170899
5 0.141509 0.350171 0.028302 0.114713
0 0.528302 0.708357 0.075472 0.231767
0 0.454009 0.713039 0.070755 0.250496
1 0.602594 0.691969 0.073113 0.227085
1 0.379127 0.698992 0.071934 0.227085
2 0.673939 0.635783 0.069575 0.208357
2 0.314269 0.643977 0.060142 0.191969
3 0.726415 0.594814 0.049528 0.140465
3 0.268868 0.621736 0.056604 0.147488