0 0.506486 0.736327 0.168632 0.504356
0 0.326651 0.695978 0.191038 0.521648
1 0.643868 0.782439 0.106132 0.412131
1 0.166863 0.707507 0.128538 0.452479
2 0.747052 0.817007 0.100236 0.365985
2 0.064858 0.701742 0.087264 0.435187
3 0.829009 0.845828 0.066038 0.308344
3 0.014151 0.708948 0.028302 0.265147
4 0.866745 0.835757 0.040094 0.195978
5 0.909198 0.857372 0.061321 0.210389
0 0.507075 0.266555 0.115566 0.435187
0 0.397406 0.256468 0.122642 0.432305
1 0.619693 0.322755 0.107311 0.438069
1 0.278302 0.262232 0.113208 0.363136
2 0.705778 0.340047 0.112028 0.495710
2 0.167453 0.255027 0.108491 0.440951
3 0.801887 0.446682 0.084906 0.432305
3 0.077830 0.347252 0.070755 0.285321
4 0.852005 0.557641 0.053066 0.250737
4 0.021226 0.407775 0.042452 0.268029
5 0.885613 0.595107 0.051887 0.244973
6 0.915094 0.661394 0.037736 0.129692