0 0.577830 0.380455 0.127358 0.438877
0 0.444575 0.396831 0.134434 0.419226
1 0.688090 0.388643 0.093160 0.376648
1 0.329599 0.416482 0.093160 0.360272
2 0.778302 0.350978 0.084906 0.393024
2 0.237618 0.357529 0.088443 0.399575
3 0.831958 0.396831 0.034198 0.275117
3 0.165094 0.364079 0.066038 0.288218
4 0.864387 0.355891 0.035377 0.245640
4 0.116156 0.346065 0.034198 0.304594
5 0.897406 0.334602 0.033019 0.222714
5 0.084316 0.336240 0.027123 0.212888
6 0.935142 0.393556 0.063679 0.229264
6 0.054245 0.280561 0.033019 0.199787
0 0.557783 0.712888 0.087264 0.370098
0 0.466981 0.706338 0.087264 0.370098
1 0.642099 0.655572 0.083726 0.366823
1 0.377358 0.675223 0.091981 0.399575
2 0.721698 0.673586 0.075472 0.350447
2 0.288325 0.675223 0.086085 0.373373
3 0.791274 0.658847 0.063679 0.248915
3 0.209316 0.642471 0.071934 0.288218
4 0.843160 0.606444 0.042453 0.163760
4 0.159788 0.609719 0.055425 0.216163
5 0.878538 0.537665 0.056604 0.157210
5 0.110259 0.570417 0.043632 0.163760
6 0.070755 0.493450 0.047170 0.160485