0 0.551297 0.425714 0.128538 0.356571
0 0.417453 0.418961 0.122642 0.310649
1 0.660967 0.367637 0.090802 0.343064
1 0.306014 0.360883 0.093160 0.291740
2 0.745283 0.364935 0.075472 0.353870
2 0.215802 0.340624 0.077830 0.321454
3 0.799528 0.390598 0.068396 0.307948
3 0.156250 0.363585 0.064858 0.291740
4 0.847877 0.402753 0.049528 0.256623
4 0.109670 0.347377 0.035377 0.253922
6 0.882665 0.391948 0.022406 0.132363
6 0.076651 0.356831 0.025943 0.148571
0 0.550708 0.695844 0.075472 0.183688
0 0.474057 0.683688 0.077830 0.213402
1 0.629127 0.691792 0.081368 0.229610
1 0.389151 0.689091 0.089623 0.245818
2 0.707547 0.680987 0.075472 0.235013
2 0.298349 0.687740 0.094340 0.275532
3 0.760613 0.680987 0.070755 0.213402
3 0.226415 0.676935 0.080189 0.264727
4 0.812500 0.680987 0.061321 0.213402
4 0.172170 0.668831 0.070755 0.259324
5 0.860849 0.670182 0.061321 0.175584
5 0.126769 0.632363 0.067217 0.170182