0 0.538915 0.559389 0.209906 0.753394
0 0.331958 0.557692 0.199292 0.790724
1 0.701651 0.601810 0.134434 0.621041
1 0.165684 0.574661 0.130896 0.682127
2 0.818986 0.676471 0.126179 0.580317
2 0.050118 0.564480 0.100236 0.621041
3 0.895047 0.662896 0.075472 0.383484
4 0.926887 0.667986 0.049528 0.291855
0 0.495283 0.108314 0.132075 0.216628
0 0.362618 0.087952 0.119104 0.175904
1 0.620873 0.182692 0.116745 0.352941
1 0.238797 0.125283 0.123821 0.250566
2 0.721108 0.203054 0.102594 0.285068
2 0.133844 0.143665 0.107311 0.274887
3 0.798349 0.279412 0.103774 0.254525
3 0.054245 0.158937 0.087264 0.264706
4 0.857901 0.347285 0.069575 0.193439