0 0.554245 0.470267 0.117925 0.337880
0 0.438090 0.475673 0.112028 0.337880
1 0.650354 0.475673 0.069575 0.289226
1 0.345519 0.482430 0.068396 0.302741
2 0.724057 0.472970 0.075472 0.294632
2 0.275943 0.471618 0.066038 0.318959
3 0.783608 0.487836 0.043632 0.216243
3 0.224057 0.494594 0.040094 0.273007
4 0.824882 0.477024 0.041274 0.227056
4 0.186910 0.478376 0.034198 0.273007
5 0.869104 0.459454 0.044811 0.218947
5 0.149175 0.454048 0.041274 0.278414
7 0.899175 0.385121 0.027123 0.167589
7 0.119693 0.391878 0.029481 0.127043
0 0.553066 0.736516 0.070755 0.308147
0 0.481722 0.732462 0.074292 0.321662
1 0.623821 0.701377 0.073113 0.291929
1 0.409788 0.720298 0.067217 0.313553
2 0.695755 0.724353 0.070755 0.300038
2 0.336085 0.750032 0.077830 0.313553
3 0.755307 0.687862 0.071934 0.264898
3 0.263561 0.718947 0.067217 0.197322
4 0.804835 0.695971 0.062500 0.216243
4 0.223467 0.708134 0.050708 0.164886
5 0.852005 0.672995 0.064858 0.181104
5 0.179835 0.732462 0.060142 0.229759
7 0.897406 0.608122 0.040094 0.127043
7 0.140330 0.640558 0.047170 0.132449