0 0.525354 0.292745 0.154481 0.405564
0 0.369693 0.280816 0.154481 0.447314
1 0.660377 0.249504 0.115566 0.426439
1 0.240566 0.233103 0.106132 0.435385
2 0.764151 0.224157 0.091981 0.417493
2 0.155660 0.216701 0.075472 0.426439
3 0.830189 0.195827 0.066038 0.331012
3 0.108491 0.227139 0.047170 0.298209
4 0.878538 0.186880 0.061321 0.265406
4 0.080189 0.192845 0.030660 0.211728
5 0.923939 0.182407 0.057783 0.214711
5 0.051887 0.176443 0.028302 0.172961
6 0.976415 0.154077 0.047170 0.175943
0 0.511792 0.816102 0.089623 0.331012
0 0.417453 0.819084 0.091981 0.336976
1 0.604953 0.802682 0.091981 0.363815
1 0.324882 0.826539 0.088443 0.333994
2 0.692807 0.778826 0.079009 0.351887
2 0.268868 0.807155 0.080189 0.336976
3 0.759434 0.766897 0.084906 0.363815
3 0.201061 0.829521 0.079009 0.310138
4 0.833726 0.750496 0.066038 0.313120
4 0.166274 0.735585 0.054245 0.223657
5 0.893868 0.656560 0.084906 0.244531
5 0.123821 0.689363 0.066038 0.256460
6 0.960495 0.580516 0.062500 0.235585
6 0.089623 0.650596 0.068396 0.262424
7 0.972288 0.389663 0.045991 0.140158
7 0.092571 0.473161 0.050708 0.116302