0 0.599057 0.349399 0.153302 0.427876
0 0.439269 0.357844 0.161557 0.444766
1 0.731132 0.350806 0.108491 0.357502
1 0.307193 0.350806 0.100236 0.385651
2 0.815448 0.305767 0.083726 0.408171
2 0.211085 0.295914 0.089623 0.388466
3 0.858491 0.345177 0.044811 0.239273
3 0.145637 0.369104 0.064858 0.225198
4 0.900943 0.284655 0.037736 0.208308
4 0.087854 0.326879 0.048349 0.202678
5 0.936321 0.236800 0.033019 0.135119
5 0.048939 0.304359 0.031840 0.163268
6 0.018868 0.302952 0.028302 0.132304
0 0.577241 0.746310 0.104953 0.416616
0 0.469340 0.740680 0.108491 0.422246
1 0.675708 0.732235 0.096698 0.382836
1 0.364387 0.702678 0.103774 0.380021
2 0.762972 0.704086 0.077830 0.427876
2 0.273585 0.711123 0.096698 0.436321
3 0.816627 0.612599 0.055425 0.166083
3 0.195165 0.623859 0.079009 0.256163
4 0.873821 0.554892 0.063679 0.185788
5 0.126769 0.584449 0.079009 0.199863
6 0.927476 0.431033 0.060142 0.135119
7 0.051297 0.507037 0.057783 0.157638
7 0.962854 0.331102 0.053066 0.132304