0 0.535967 0.393398 0.119104 0.372355
0 0.415094 0.384390 0.120283 0.372355
1 0.633844 0.349857 0.079009 0.375358
1 0.319575 0.333341 0.066038 0.348332
2 0.716392 0.333341 0.086085 0.372355
2 0.250000 0.328837 0.070755 0.327312
3 0.781250 0.319828 0.060142 0.279266
3 0.202241 0.354361 0.048349 0.282269
4 0.822524 0.319828 0.041274 0.237226
4 0.171580 0.369375 0.031840 0.228218
5 0.851415 0.324332 0.040094 0.234223
5 0.149764 0.388894 0.037736 0.225215
0 0.565448 0.632126 0.083726 0.231221
0 0.485849 0.629123 0.073113 0.237226
1 0.643868 0.614109 0.073113 0.219209
1 0.412736 0.645639 0.068396 0.228218
2 0.711085 0.600596 0.063679 0.222212
2 0.344340 0.656149 0.066038 0.261249
3 0.765920 0.575072 0.050708 0.183175
3 0.284198 0.693685 0.051887 0.282269
4 0.803656 0.563060 0.041274 0.105100
4 0.234670 0.678670 0.047170 0.270258
5 0.820755 0.522521 0.037736 0.102097
5 0.199882 0.671163 0.034198 0.231221
6 0.850236 0.492493 0.033019 0.096092
6 0.173349 0.674166 0.035377 0.159152
7 0.182193 0.551049 0.036557 0.081077