0 0.543632 0.389754 0.167453 0.525995
0 0.375590 0.401708 0.166274 0.502086
1 0.683962 0.389754 0.113208 0.478177
1 0.235849 0.360532 0.110849 0.504743
2 0.790094 0.360532 0.115566 0.525995
2 0.139151 0.339279 0.099057 0.531308
3 0.883255 0.345921 0.070755 0.443642
3 0.060731 0.324668 0.057783 0.433016
4 0.944575 0.327325 0.068396 0.443642
4 0.021816 0.325997 0.041274 0.414420
0 0.525943 0.735104 0.108491 0.382542
0 0.416863 0.747058 0.107311 0.406451
1 0.635613 0.737760 0.106132 0.350663
1 0.310142 0.731119 0.106132 0.363946
2 0.742925 0.764326 0.108491 0.409107
2 0.205778 0.766982 0.121462 0.414420
3 0.827830 0.736432 0.075472 0.438329
3 0.120283 0.732447 0.080189 0.409107
4 0.907429 0.741745 0.079009 0.363946
4 0.054835 0.716508 0.071934 0.355977
5 0.968160 0.709867 0.058962 0.316128
5 0.019458 0.703225 0.038915 0.345350
5 0.985849 0.348577 0.028302 0.353320