0 0.542453 0.388890 0.179245 0.545179
0 0.362028 0.394816 0.179245 0.551105
1 0.685731 0.400742 0.107311 0.485920
1 0.214623 0.424445 0.110849 0.545179
2 0.792453 0.421482 0.106132 0.580734
2 0.099646 0.440741 0.116745 0.625178
3 0.873231 0.511852 0.055425 0.429625
3 0.034788 0.523703 0.069575 0.488883
4 0.915684 0.528148 0.029481 0.308144
0 0.540094 0.799256 0.122642 0.281478
0 0.428066 0.799256 0.103774 0.269626
1 0.658019 0.766664 0.108491 0.287404
1 0.314269 0.797774 0.121462 0.290367
2 0.755896 0.722220 0.082547 0.263701
2 0.188679 0.808144 0.129717 0.287404
3 0.829009 0.734071 0.063679 0.145183
3 0.088443 0.830366 0.070755 0.207405
4 0.033019 0.836292 0.040094 0.142221