0 0.586085 0.613167 0.240566 0.609595
0 0.354363 0.617694 0.225236 0.588470
1 0.802476 0.602605 0.180425 0.546221
1 0.174528 0.691630 0.132075 0.561310
2 0.945755 0.678050 0.108490 0.570363
2 0.056604 0.708228 0.106132 0.540185
0 0.537736 0.139096 0.141509 0.278192
0 0.396816 0.148427 0.140330 0.295744
1 0.684552 0.137864 0.152123 0.274619
1 0.248821 0.149936 0.129717 0.244441
2 0.842571 0.145132 0.152123 0.290263
2 0.135613 0.279701 0.087264 0.226335
3 0.959906 0.223872 0.077830 0.265566
3 0.057783 0.320441 0.068396 0.162961