0 0.625590 0.543172 0.201651 0.439123
0 0.428656 0.540705 0.187500 0.444057
1 0.797170 0.497533 0.141509 0.436656
1 0.272406 0.458061 0.150943 0.520533
2 0.894458 0.487665 0.093160 0.426788
2 0.169811 0.451894 0.087264 0.424321
3 0.966392 0.535771 0.048349 0.315774
3 0.116745 0.527137 0.063679 0.303439
4 0.052476 0.581410 0.067217 0.342910
5 0.014151 0.602380 0.028302 0.226962
0 0.566038 0.832027 0.101415 0.335946
0 0.463443 0.828327 0.101415 0.343346
1 0.673939 0.828327 0.112028 0.343346
1 0.351415 0.827093 0.120283 0.345814
2 0.790094 0.832027 0.120283 0.335946
2 0.236439 0.834494 0.107311 0.331012
3 0.895047 0.850529 0.087264 0.298941
3 0.136792 0.846829 0.087264 0.306342
4 0.959316 0.820708 0.041274 0.249165
4 0.082547 0.877448 0.035377 0.229429
5 0.984080 0.783703 0.031840 0.180090
5 0.033019 0.876433 0.066038 0.247134