0 0.537736 0.467823 0.129717 0.463342
0 0.408608 0.461388 0.123821 0.484793
1 0.649175 0.467823 0.088443 0.377538
1 0.304245 0.467823 0.084906 0.437601
2 0.737028 0.399180 0.084906 0.514825
2 0.222288 0.384164 0.074292 0.544856
3 0.798349 0.424921 0.058962 0.308895
3 0.174528 0.414196 0.049528 0.364668
4 0.847288 0.364858 0.050708 0.291734
4 0.127948 0.358423 0.038915 0.356087
5 0.900943 0.274764 0.056604 0.334636
6 0.090212 0.321956 0.036557 0.308895
0 0.513561 0.813185 0.083726 0.167318
0 0.429245 0.817475 0.080189 0.184479
1 0.602005 0.746687 0.088443 0.163028
1 0.347877 0.804605 0.082547 0.201640