0 0.632075 0.480864 0.207547 0.540909
0 0.422759 0.482140 0.201651 0.548563
1 0.811910 0.515309 0.152123 0.497534
1 0.245873 0.500000 0.149764 0.523049
2 0.943396 0.516584 0.113208 0.489880
2 0.116156 0.520412 0.135613 0.558769
3 0.034198 0.491070 0.068396 0.398027
0 0.537146 0.064381 0.142689 0.128762
0 0.394458 0.060554 0.140330 0.121108
1 0.683373 0.070760 0.145047 0.141520
1 0.255307 0.054771 0.140330 0.107161
2 0.827241 0.107756 0.135613 0.215512
2 0.135024 0.084793 0.100236 0.169586
3 0.936910 0.128168 0.109670 0.256336
3 0.059552 0.114730 0.116745 0.221977