0 0.568396 0.369100 0.155660 0.414980
0 0.412736 0.363530 0.155660 0.426120
1 0.702830 0.345427 0.110849 0.389914
1 0.281250 0.345427 0.112028 0.401054
2 0.783019 0.310613 0.096698 0.442831
2 0.196344 0.318969 0.088443 0.426120
3 0.852005 0.350997 0.062500 0.267370
3 0.129127 0.352390 0.064858 0.264584
4 0.893278 0.337072 0.048349 0.239519
4 0.083726 0.324539 0.051887 0.242304
5 0.931014 0.257696 0.043632 0.214453
6 0.036557 0.270229 0.040094 0.217238
0 0.534788 0.699135 0.097877 0.395484
0 0.439269 0.689387 0.093160 0.387129
1 0.634434 0.708882 0.099057 0.398269
1 0.340212 0.704705 0.104953 0.362063
2 0.732901 0.725593 0.100236 0.459541
2 0.247052 0.739519 0.104953 0.492963
3 0.802476 0.584946 0.093160 0.233948
3 0.168632 0.601656 0.089623 0.278510
4 0.870873 0.580768 0.076651 0.214453
4 0.109080 0.566842 0.069575 0.231163
5 0.917453 0.494430 0.047170 0.220023
6 0.053656 0.491645 0.041274 0.197742