0 0.561321 0.412314 0.141509 0.412280
0 0.419222 0.401545 0.145047 0.427663
1 0.675118 0.415390 0.083726 0.356899
1 0.302476 0.400007 0.083726 0.375359
2 0.751769 0.392315 0.067217 0.403050
2 0.218160 0.387700 0.087264 0.412280
3 0.804835 0.389238 0.041274 0.249214
3 0.153302 0.361548 0.042453 0.298441
4 0.846108 0.335396 0.041274 0.221523
4 0.120283 0.343088 0.040094 0.261521
0 0.481132 0.713832 0.094340 0.196910
0 0.391509 0.693833 0.084906 0.181526
1 0.579009 0.690756 0.096698 0.150759
1 0.300118 0.667681 0.079009 0.147682
2 0.669811 0.650759 0.082547 0.107685
2 0.222288 0.635375 0.067217 0.107685