0 0.581368 0.364833 0.141509 0.324920
0 0.427476 0.349237 0.161557 0.309324
1 0.708726 0.349237 0.108491 0.309324
1 0.297170 0.321944 0.094340 0.275532
2 0.810731 0.358335 0.112028 0.322320
2 0.200472 0.342739 0.099057 0.291128
3 0.883844 0.393426 0.060142 0.350913
3 0.113797 0.342739 0.067217 0.275532
4 0.934552 0.410322 0.048349 0.327519
4 0.054245 0.342739 0.049528 0.285929
5 0.969340 0.424619 0.042453 0.267734
5 0.015920 0.351837 0.031840 0.231343
0 0.556014 0.961198 0.088443 0.077604
0 0.459906 0.955999 0.096698 0.088002
1 0.650354 0.943002 0.095519 0.113995
1 0.363208 0.943002 0.094340 0.113995
2 0.737618 0.919796 0.069575 0.098776
2 0.270637 0.918308 0.090802 0.163383