0 0.628538 0.556433 0.150943 0.487983
0 0.468160 0.543155 0.167453 0.487983
1 0.755307 0.596269 0.102594 0.434869
1 0.331368 0.576351 0.106132 0.401673
2 0.832547 0.644403 0.080189 0.438188
2 0.248231 0.599588 0.079009 0.375116
3 0.901533 0.707476 0.060142 0.398353
3 0.192807 0.642743 0.043632 0.355198
4 0.944575 0.745651 0.042453 0.322002
4 0.159198 0.710795 0.044811 0.331961
5 0.982311 0.775528 0.035377 0.262249
5 0.115566 0.734032 0.042453 0.265569
0 0.616745 0.154761 0.089623 0.282167
0 0.522406 0.163060 0.101415 0.265569
1 0.701061 0.196256 0.090802 0.312043
1 0.420401 0.227792 0.097877 0.255610
2 0.784788 0.236091 0.076651 0.292126
2 0.338443 0.277586 0.087264 0.222414
3 0.852005 0.299164 0.079009 0.312043
3 0.257665 0.337339 0.071934 0.162661
4 0.903302 0.407051 0.063679 0.268888
4 0.201061 0.421989 0.053066 0.146063
5 0.964033 0.495021 0.060142 0.212455
5 0.150354 0.486722 0.045991 0.142743