0 0.737618 0.306473 0.258255 0.609348
0 0.477005 0.306881 0.255896 0.613762
1 0.933373 0.237578 0.133254 0.475155
1 0.261792 0.259807 0.174528 0.519614
2 0.109670 0.211425 0.132075 0.422850
3 0.035377 0.180043 0.070754 0.360085
0 0.691038 0.734962 0.153302 0.530075
0 0.537736 0.748039 0.150943 0.503922
1 0.854363 0.719271 0.173349 0.561458
1 0.378538 0.725809 0.165094 0.548382
2 0.969340 0.740193 0.061320 0.519614
2 0.234080 0.711425 0.159198 0.577149
3 0.104363 0.647760 0.100236 0.554428
4 0.031840 0.552305 0.063679 0.379208