0 0.544811 0.362808 0.129717 0.427460
0 0.415094 0.359920 0.125000 0.421684
1 0.656840 0.354144 0.091981 0.352366
1 0.306604 0.341147 0.084906 0.366807
2 0.739387 0.374361 0.073113 0.381248
2 0.224646 0.355588 0.071934 0.366807
3 0.801297 0.368585 0.048349 0.340813
3 0.159788 0.354144 0.060142 0.306154
4 0.834316 0.400356 0.031840 0.219507
4 0.111439 0.346923 0.041274 0.233948
5 0.869104 0.378694 0.035377 0.222395
5 0.070165 0.361364 0.045991 0.245501
6 0.897406 0.349811 0.023585 0.153077
6 0.031250 0.342591 0.034198 0.190624
0 0.504127 0.690624 0.081368 0.332148
0 0.426887 0.681959 0.070755 0.326372
1 0.582547 0.693512 0.075472 0.337925
1 0.350825 0.680515 0.079009 0.346589
2 0.661557 0.694956 0.077830 0.427460
2 0.267099 0.676183 0.088443 0.407242
3 0.740566 0.690624 0.075472 0.326372
3 0.189858 0.628527 0.073113 0.306154
4 0.790684 0.658853 0.048349 0.251277
4 0.142689 0.615530 0.056604 0.239724
5 0.830189 0.631415 0.056604 0.202177
5 0.092571 0.593868 0.069575 0.219507
7 0.879717 0.583759 0.040094 0.176183
7 0.040094 0.557765 0.037736 0.129971