0 0.642689 0.770568 0.141509 0.408540
0 0.498231 0.765192 0.135613 0.412123
1 0.756486 0.797484 0.086085 0.405032
1 0.387382 0.793900 0.083726 0.412200
2 0.852005 0.799276 0.102594 0.401448
2 0.306604 0.775982 0.080189 0.448036
3 0.931604 0.811818 0.054245 0.376363
3 0.246462 0.745482 0.054245 0.344033
4 0.979363 0.835112 0.041274 0.329775
4 0.204599 0.781319 0.048349 0.344033
5 0.159788 0.817156 0.043632 0.279527
0 0.644458 0.370988 0.071934 0.318948
0 0.568396 0.376363 0.080189 0.315364
1 0.721698 0.376363 0.082547 0.315364
1 0.485259 0.379947 0.081368 0.308197
2 0.801297 0.385322 0.076651 0.333282
2 0.397995 0.372779 0.093160 0.329699
3 0.877358 0.401449 0.070755 0.351201
3 0.321344 0.376363 0.074292 0.336866
4 0.944575 0.408616 0.063679 0.344033
4 0.267099 0.376363 0.067217 0.308197
5 0.979363 0.473122 0.041274 0.243690
5 0.214033 0.458788 0.067217 0.207853
6 0.172170 0.546588 0.051887 0.182768