0 0.634434 0.340619 0.271226 0.577523
0 0.365566 0.354067 0.268868 0.708133
1 0.854953 0.336869 0.169811 0.547521
1 0.150943 0.318440 0.160377 0.636880
2 0.969929 0.344369 0.060142 0.487519
2 0.035377 0.301242 0.070754 0.596273
0 0.555425 0.919694 0.167453 0.160612
0 0.392099 0.917819 0.159198 0.164362
1 0.722288 0.897193 0.166274 0.205614
1 0.231132 0.880318 0.162736 0.239364
2 0.864976 0.861567 0.116745 0.276866
2 0.099057 0.831566 0.125000 0.336868
3 0.960495 0.831566 0.079009 0.336868
3 0.022995 0.829691 0.045990 0.340618