0 0.534788 0.431276 0.135613 0.444898
0 0.398585 0.447553 0.136792 0.448515
1 0.652712 0.414999 0.097877 0.390642
1 0.285967 0.449361 0.088443 0.415962
2 0.740566 0.400531 0.075472 0.340003
2 0.206958 0.436701 0.064858 0.376174
3 0.791863 0.349892 0.027123 0.245960
3 0.155071 0.409574 0.036557 0.314684
4 0.816627 0.317339 0.022406 0.195321
4 0.123231 0.396914 0.027123 0.267662
6 0.837264 0.252232 0.023585 0.072341
0 0.507665 0.755003 0.083726 0.202555
0 0.426297 0.756811 0.079009 0.170002
1 0.595519 0.724258 0.087264 0.227875
1 0.339033 0.729683 0.083726 0.137448
2 0.684552 0.698938 0.079009 0.184470
2 0.255896 0.693513 0.070755 0.122980
3 0.749410 0.655533 0.048349 0.177236
3 0.194575 0.668193 0.044811 0.130214
4 0.795991 0.577767 0.040094 0.217023
4 0.157429 0.619363 0.024764 0.119363
5 0.829009 0.498191 0.030660 0.173619