0 0.525943 0.488869 0.221698 0.419811
0 0.310142 0.485688 0.200472 0.438894
1 0.699882 0.557247 0.145047 0.365745
1 0.139151 0.527033 0.134434 0.432533
2 0.836085 0.581100 0.146226 0.362564
2 0.035377 0.554067 0.070754 0.391188
3 0.942217 0.635167 0.091981 0.279874
0 0.474057 0.189912 0.136792 0.330760
0 0.337264 0.178781 0.136792 0.308498
1 0.604953 0.243979 0.127358 0.324400
1 0.201061 0.215355 0.126179 0.324400
2 0.724646 0.315537 0.109670 0.353023
2 0.076061 0.261471 0.114387 0.346662
3 0.841981 0.326669 0.125000 0.375286
4 0.939858 0.415720 0.068396 0.241710
5 0.986439 0.465016 0.027122 0.181282