0 0.582547 0.347056 0.176887 0.454910
0 0.401533 0.350978 0.178066 0.457524
1 0.732901 0.328755 0.126179 0.392164
1 0.265920 0.361435 0.090802 0.373863
2 0.826651 0.309147 0.096698 0.400007
2 0.174528 0.307840 0.106132 0.407850
3 0.895637 0.281695 0.071934 0.303273
3 0.111439 0.273852 0.062500 0.308502
4 0.942217 0.292153 0.040094 0.198696
0 0.565448 0.771900 0.121462 0.384321
0 0.445755 0.782358 0.117925 0.389549
1 0.692807 0.748370 0.128538 0.394778
1 0.328420 0.779744 0.116745 0.394778
2 0.796580 0.705232 0.097877 0.376477
2 0.231132 0.770593 0.094340 0.413079
3 0.873821 0.651637 0.099057 0.311117
3 0.169811 0.684317 0.077830 0.334646
4 0.926297 0.581047 0.071934 0.248370
4 0.126179 0.609806 0.051887 0.216997
6 0.069575 0.541831 0.056604 0.138565