0 0.568396 0.503122 0.129717 0.477676
0 0.432783 0.498439 0.134434 0.487042
1 0.687500 0.496878 0.106132 0.427723
1 0.317807 0.484390 0.090802 0.377770
2 0.790094 0.520293 0.099057 0.374648
2 0.224646 0.411021 0.088443 0.424601
3 0.858491 0.532782 0.066038 0.349671
3 0.155660 0.411021 0.049528 0.330939
4 0.900943 0.549953 0.040094 0.259131
4 0.112028 0.411021 0.035377 0.243521
0 0.525943 0.776303 0.080189 0.137371
0 0.444575 0.763814 0.061321 0.112394
1 0.613208 0.771619 0.094340 0.177958
1 0.361439 0.716983 0.074292 0.168591
2 0.715212 0.796596 0.109670 0.209178
3 0.800708 0.773181 0.063679 0.143615