0 0.718750 0.743846 0.265330 0.512308
0 0.452830 0.731538 0.264151 0.536923
1 0.926297 0.762992 0.147406 0.474016
1 0.236439 0.743846 0.163915 0.512308
2 0.100825 0.758889 0.109670 0.482222
3 0.023585 0.766668 0.047170 0.311796
0 0.666274 0.279402 0.181604 0.558804
0 0.498231 0.275299 0.159198 0.550598
1 0.844929 0.283504 0.170991 0.567008
1 0.340212 0.264359 0.156840 0.528718
2 0.965212 0.261624 0.069575 0.523248
2 0.185731 0.280769 0.147406 0.561538
3 0.064858 0.409743 0.120283 0.292651
4 0.020637 0.531453 0.041274 0.196924