0 0.626179 0.288977 0.193396 0.393389
0 0.411557 0.324147 0.188679 0.385573
1 0.781250 0.292885 0.119104 0.333469
1 0.257075 0.315029 0.117925 0.341284
2 0.889151 0.294187 0.089623 0.299601
2 0.159198 0.337173 0.075472 0.286575
3 0.954599 0.313726 0.041274 0.224049
3 0.114976 0.360620 0.053066 0.224049
0 0.567217 0.655011 0.120283 0.328258
0 0.445755 0.658919 0.117925 0.336074
1 0.685731 0.643287 0.116745 0.310022
1 0.334316 0.653708 0.104953 0.320443
2 0.803066 0.638077 0.117925 0.382968
2 0.234080 0.653708 0.090802 0.398599
3 0.886792 0.572946 0.089623 0.341284
3 0.158019 0.626353 0.084906 0.291785
4 0.936321 0.524750 0.047170 0.166734
4 0.120873 0.567736 0.031840 0.148498