0 0.630896 0.488244 0.139151 0.373246
0 0.494104 0.505878 0.129717 0.385002
1 0.750590 0.523512 0.102594 0.337979
1 0.384434 0.539676 0.080189 0.335040
2 0.852005 0.558779 0.102594 0.361491
2 0.306014 0.554371 0.076651 0.329162
3 0.928656 0.599924 0.064858 0.337979
3 0.243514 0.599924 0.050708 0.308590
4 0.980542 0.644008 0.038915 0.273322
5 0.206368 0.641070 0.025943 0.261566
6 0.180425 0.683684 0.025943 0.188093
7 0.154481 0.696910 0.028302 0.167520
0 0.627948 0.253128 0.093160 0.243933
0 0.531840 0.257537 0.094340 0.252750
1 0.721698 0.286926 0.091981 0.205726
1 0.441627 0.256067 0.081368 0.255688
2 0.818396 0.304560 0.087264 0.217482
2 0.356722 0.253128 0.090802 0.343857
3 0.905660 0.328072 0.075472 0.205726
3 0.280660 0.300152 0.061321 0.238055
4 0.969929 0.405954 0.053066 0.185154
4 0.228184 0.353053 0.045991 0.155764
5 0.180425 0.457385 0.066038 0.164581