0 0.542453 0.313561 0.113208 0.340987
0 0.432193 0.324600 0.109670 0.323815
1 0.641509 0.303748 0.084906 0.301737
1 0.334316 0.309881 0.088443 0.289471
2 0.721108 0.281670 0.074292 0.291924
2 0.245283 0.312334 0.084906 0.294377
3 0.783019 0.268178 0.049528 0.250221
3 0.169222 0.323374 0.064858 0.223236
4 0.826651 0.249779 0.040094 0.262487
4 0.117925 0.311108 0.037736 0.218330
6 0.870873 0.151653 0.036557 0.179080
6 0.077241 0.241193 0.041274 0.152095
0 0.530660 0.591993 0.087264 0.220783
0 0.446344 0.600579 0.081368 0.223236
1 0.613208 0.585860 0.082547 0.267393
1 0.360259 0.589540 0.090802 0.260033
2 0.689269 0.563782 0.071934 0.277205
2 0.289505 0.584634 0.074292 0.250221
3 0.748821 0.523305 0.068396 0.240408
3 0.224646 0.560102 0.079009 0.250221
4 0.804835 0.482828 0.045991 0.208517
4 0.169222 0.519625 0.055425 0.169267
6 0.856132 0.421499 0.042453 0.149642
6 0.117335 0.470562 0.038915 0.100579