0 0.663915 0.352159 0.172170 0.516147
0 0.479363 0.310660 0.185142 0.573209
1 0.804245 0.400142 0.108491 0.399430
1 0.329599 0.354753 0.109670 0.422774
2 0.906250 0.424783 0.093160 0.459086
2 0.221108 0.361237 0.102594 0.414993
3 0.965802 0.461094 0.040094 0.324213
3 0.143868 0.383283 0.080189 0.350150
4 0.064269 0.345675 0.081368 0.383868
5 0.017099 0.328816 0.034198 0.272339
0 0.591981 0.839775 0.117925 0.293089
0 0.475236 0.834588 0.115566 0.303463
1 0.706958 0.843666 0.112028 0.300870
1 0.359080 0.831994 0.107311 0.313838
2 0.806014 0.848853 0.086085 0.290495
2 0.267689 0.822916 0.099057 0.342369
3 0.866156 0.839775 0.079009 0.287901
3 0.183373 0.807354 0.095519 0.357931
4 0.918632 0.846259 0.073113 0.274933
4 0.097877 0.780120 0.091981 0.339775
5 0.964623 0.828104 0.066038 0.269745
5 0.037146 0.721762 0.074292 0.290495