0 0.663325 0.296420 0.218160 0.592840
0 0.440448 0.297320 0.232311 0.591041
1 0.860259 0.246731 0.175708 0.493462
1 0.238797 0.257192 0.168632 0.514384
2 0.974057 0.197042 0.051886 0.394083
2 0.099057 0.217556 0.132075 0.431512
3 0.028892 0.182658 0.057783 0.365316
0 0.610849 0.744116 0.136792 0.511768
0 0.472288 0.753269 0.142689 0.493462
1 0.760613 0.729732 0.162736 0.540536
1 0.328420 0.734962 0.145047 0.530075
2 0.919811 0.700965 0.150943 0.598070
2 0.189269 0.721886 0.128538 0.556227
3 0.080189 0.659529 0.087264 0.436743
4 0.028302 0.541844 0.056604 0.300751