0 0.590802 0.532666 0.150943 0.540796
0 0.438679 0.558072 0.150943 0.540796
1 0.708726 0.487297 0.084906 0.522649
1 0.315448 0.523592 0.090802 0.522649
2 0.781840 0.425595 0.063679 0.558944
2 0.235259 0.494556 0.064858 0.522649
3 0.838443 0.398374 0.047170 0.410134
3 0.181014 0.478223 0.043632 0.468206
4 0.879127 0.313080 0.045991 0.333915
4 0.132665 0.414707 0.048349 0.370210
0 0.550708 0.821211 0.087264 0.123403
0 0.462854 0.837544 0.083726 0.127033
1 0.377358 0.833915 0.084906 0.148810
2 0.304245 0.815767 0.061321 0.148810