0 0.554245 0.460423 0.172170 0.435352
0 0.383844 0.444592 0.163915 0.440629
1 0.693396 0.472296 0.106132 0.385220
1 0.247642 0.443272 0.108491 0.374666
2 0.786557 0.448549 0.077830 0.385220
2 0.150354 0.410291 0.086085 0.335089
3 0.852594 0.439315 0.056604 0.345643
3 0.083137 0.406333 0.045991 0.226910
4 0.042453 0.401056 0.037736 0.179418
0 0.520637 0.699206 0.093160 0.179418
0 0.425708 0.692610 0.091981 0.171502
1 0.616156 0.695249 0.093160 0.171502
1 0.329599 0.668864 0.095519 0.166225
2 0.708137 0.691291 0.083726 0.116094