0 0.586675 0.775218 0.187500 0.449564
0 0.403302 0.762249 0.179245 0.475502
1 0.738208 0.824212 0.113208 0.351575
1 0.249410 0.785321 0.123821 0.400603
2 0.847288 0.850151 0.102594 0.299698
2 0.147995 0.783880 0.081368 0.391957
3 0.923939 0.874648 0.064858 0.250704
3 0.076061 0.799732 0.060142 0.308378
4 0.965802 0.884752 0.021226 0.195978
4 0.040684 0.802614 0.031840 0.221917
5 0.985259 0.883311 0.029481 0.152748
5 0.017689 0.825670 0.025943 0.170040
0 0.596108 0.335724 0.123821 0.435187
0 0.477005 0.328519 0.109670 0.426541
1 0.705189 0.389042 0.129717 0.438069
1 0.363208 0.342929 0.113208 0.397721
2 0.806604 0.402011 0.122642 0.527412
2 0.252948 0.348693 0.107311 0.461126
3 0.900943 0.508646 0.087264 0.458244
3 0.163915 0.438036 0.068396 0.334316
4 0.955189 0.629692 0.051887 0.227681
4 0.106722 0.514410 0.045991 0.250737
5 0.981132 0.667158 0.037736 0.210389
5 0.063679 0.541790 0.040094 0.161394