0 0.587264 0.279222 0.233491 0.558444
0 0.360259 0.300002 0.218160 0.600004
1 0.772406 0.257143 0.139151 0.514286
1 0.179835 0.319472 0.140330 0.503920
2 0.903892 0.268820 0.126179 0.522103
2 0.056604 0.357136 0.106132 0.579248
0 0.587264 0.841563 0.139151 0.316874
0 0.442807 0.848069 0.149764 0.298716
1 0.727594 0.833770 0.139151 0.332460
1 0.298349 0.849367 0.136792 0.296118
2 0.842571 0.812990 0.130896 0.374020
2 0.179835 0.866251 0.116745 0.257155
3 0.942807 0.792210 0.114386 0.415580
3 0.104363 0.855849 0.095519 0.288302
4 0.057193 0.838977 0.086085 0.280533