0 0.537146 0.371408 0.154481 0.529676
0 0.387382 0.385186 0.133255 0.489874
1 0.669811 0.380593 0.113208 0.431701
1 0.271816 0.402025 0.097877 0.401084
2 0.749410 0.379062 0.083726 0.428639
2 0.191038 0.351507 0.075472 0.428639
3 0.814269 0.376001 0.069575 0.318418
3 0.136203 0.337729 0.057783 0.315356
4 0.869693 0.330075 0.041274 0.269431
4 0.098467 0.282619 0.027123 0.205135
5 0.913325 0.274964 0.043632 0.244937
5 0.072524 0.215261 0.022406 0.168394
7 0.955189 0.201483 0.033019 0.171456
0 0.521816 0.738813 0.088443 0.394961
0 0.436321 0.732690 0.080189 0.388837
1 0.612028 0.764838 0.089623 0.404146
1 0.351415 0.702073 0.087264 0.382714
2 0.695165 0.781677 0.079009 0.407207
2 0.266509 0.728097 0.080189 0.336788
3 0.772995 0.697480 0.069575 0.330665
3 0.193396 0.668394 0.066038 0.278616
4 0.829599 0.674517 0.055425 0.272492
4 0.147995 0.599506 0.045991 0.208196
5 0.885024 0.570419 0.055425 0.217381
6 0.919811 0.454074 0.047170 0.131654