0 0.659788 0.451313 0.189858 0.554734
0 0.466981 0.442461 0.188679 0.548832
1 0.816038 0.429183 0.148585 0.451459
1 0.315448 0.407053 0.133255 0.448508
2 0.934552 0.373119 0.123821 0.516374
2 0.193396 0.322957 0.129717 0.469163
3 0.115566 0.293450 0.073113 0.404247
4 0.063679 0.243288 0.051887 0.362937
5 0.024175 0.162144 0.029481 0.218353
0 0.581958 0.877618 0.116745 0.244764
0 0.462854 0.877618 0.114387 0.244764
1 0.706368 0.876143 0.129717 0.247714
1 0.350236 0.868766 0.110849 0.262468
2 0.836085 0.865815 0.129717 0.268369
2 0.235849 0.830480 0.117925 0.333430
3 0.929835 0.877618 0.093160 0.244764
3 0.165094 0.778842 0.084906 0.283268
4 0.981132 0.820152 0.037736 0.212451
4 0.103774 0.679993 0.066038 0.179993