0 0.573742 0.445743 0.147483 0.230384
0 0.421731 0.443239 0.156539 0.228715
1 0.703759 0.432387 0.107378 0.217028
1 0.290419 0.440735 0.103497 0.193656
2 0.802728 0.429883 0.087972 0.212020
2 0.190156 0.447412 0.094441 0.193656
3 0.864826 0.432387 0.062098 0.156928
3 0.134527 0.453255 0.073742 0.168614
4 0.913341 0.434057 0.063392 0.136895
4 0.079544 0.456594 0.056923 0.135225
5 0.956033 0.423205 0.047867 0.118531
5 0.038145 0.449917 0.049161 0.118531
0 0.545927 0.627713 0.102203 0.183639
0 0.439842 0.641068 0.107378 0.166945
1 0.646836 0.627713 0.099616 0.176962
1 0.336346 0.631052 0.097028 0.186978
2 0.741924 0.612688 0.095735 0.190317
2 0.241905 0.617696 0.091853 0.193656
3 0.805316 0.583472 0.082797 0.161937
3 0.173985 0.604341 0.095735 0.160267
4 0.863533 0.567613 0.056923 0.113523
4 0.117062 0.580968 0.064686 0.126878
5 0.926278 0.552588 0.068567 0.093489
6 0.047201 0.571786 0.069860 0.101836
7 0.979967 0.526711 0.036224 0.078464