0 0.550708 0.481836 0.117925 0.336032
0 0.432193 0.500000 0.119104 0.342087
1 0.646226 0.477295 0.073113 0.333005
1 0.331368 0.513623 0.082547 0.339059
2 0.715802 0.445508 0.061321 0.354196
2 0.253538 0.474268 0.068396 0.363278
3 0.767099 0.395558 0.043632 0.296677
3 0.209906 0.492432 0.042453 0.181639
4 0.181604 0.459131 0.033019 0.175584
5 0.813679 0.327443 0.033019 0.166502
5 0.143868 0.401612 0.042453 0.211912
0 0.538915 0.727049 0.068396 0.160448
0 0.467571 0.719480 0.069575 0.205858
1 0.610259 0.699803 0.069575 0.118065
1 0.393868 0.728562 0.068396 0.151366
2 0.674528 0.654393 0.056604 0.118065
2 0.317217 0.728562 0.073113 0.187694
3 0.248231 0.690721 0.057783 0.166502
4 0.206958 0.645311 0.036557 0.118065
5 0.174528 0.605956 0.033019 0.105956