0 0.530660 0.347244 0.115566 0.263850
0 0.411557 0.347244 0.125000 0.241631
1 0.633255 0.320859 0.087264 0.277737
1 0.303656 0.323637 0.088443 0.211080
2 0.719340 0.318082 0.080189 0.311066
2 0.222877 0.294474 0.075472 0.180529
3 0.773585 0.301418 0.049528 0.277737
3 0.165094 0.279199 0.047170 0.166642
4 0.813090 0.281976 0.043632 0.266628
4 0.123821 0.252814 0.037736 0.158310
5 0.848467 0.265312 0.038915 0.177752
0 0.503538 0.693027 0.073113 0.244409
0 0.426887 0.686084 0.077830 0.258296
1 0.581958 0.695805 0.081368 0.261073
1 0.352594 0.669420 0.075472 0.258296
2 0.665684 0.666642 0.083726 0.258296
2 0.276533 0.624982 0.076651 0.280515
3 0.736439 0.620816 0.055425 0.177752
3 0.216392 0.522219 0.060142 0.186084
4 0.781250 0.543049 0.038915 0.127759
4 0.175118 0.462505 0.053066 0.138869