0 0.735849 0.309239 0.245283 0.618478
0 0.502948 0.313145 0.218160 0.626290
1 0.929245 0.261067 0.141509 0.522133
1 0.329009 0.253255 0.153302 0.506510
2 0.201651 0.282573 0.101415 0.427042
3 0.120283 0.270855 0.075472 0.403607
4 0.064269 0.244816 0.057783 0.356737
4 0.020637 0.171906 0.031840 0.309866
0 0.686910 0.850902 0.154481 0.298196
0 0.535967 0.849600 0.147406 0.300800
1 0.833726 0.836580 0.162736 0.326840
1 0.385613 0.839811 0.148585 0.312470
2 0.957547 0.823561 0.084906 0.352878
2 0.245873 0.826165 0.133255 0.347670
3 0.142099 0.804031 0.112028 0.391937
4 0.090212 0.740862 0.102594 0.385380
5 0.033019 0.592439 0.066038 0.276015
7 0.018278 0.441412 0.036556 0.171859