0 0.560731 0.412458 0.130896 0.465566
0 0.421580 0.418426 0.126179 0.485462
1 0.676297 0.344811 0.097877 0.425774
1 0.307193 0.370676 0.100236 0.421795
2 0.770047 0.318947 0.087264 0.477504
2 0.216981 0.386593 0.077830 0.453628
3 0.832547 0.314967 0.056604 0.310377
3 0.160967 0.342822 0.048349 0.302419
4 0.879127 0.241352 0.036557 0.234773
4 0.120283 0.285123 0.033019 0.210897
5 0.917453 0.147841 0.042453 0.222835
6 0.085495 0.205539 0.038915 0.179064
0 0.540094 0.702939 0.082547 0.417816
0 0.459316 0.698960 0.076651 0.409857
1 0.620873 0.702939 0.079009 0.330273
1 0.377358 0.706918 0.075472 0.362107
2 0.703420 0.609428 0.083726 0.318336
2 0.294811 0.675085 0.075472 0.306398
3 0.779481 0.577594 0.061321 0.167126
3 0.225825 0.647230 0.060142 0.298440
4 0.172170 0.579584 0.042453 0.210897
5 0.127358 0.496021 0.047170 0.194981