0 0.562500 0.263036 0.120283 0.425683
0 0.437500 0.263036 0.127358 0.420007
1 0.668632 0.264455 0.091981 0.388791
1 0.327830 0.268712 0.089623 0.391628
2 0.752948 0.285740 0.079009 0.374601
2 0.245873 0.314118 0.076651 0.363250
3 0.810731 0.308443 0.064858 0.295140
3 0.185731 0.343916 0.064858 0.309330
4 0.854363 0.332565 0.050708 0.269599
4 0.140330 0.362362 0.051887 0.266761
5 0.895637 0.338240 0.055425 0.241220
5 0.096698 0.359525 0.061321 0.261086
6 0.933962 0.333984 0.044811 0.221355
6 0.055425 0.348173 0.044811 0.249734
0 0.567217 0.697233 0.075472 0.374601
0 0.488208 0.691557 0.080189 0.363250
1 0.643868 0.691557 0.077830 0.368925
1 0.409198 0.691557 0.077830 0.391628
2 0.718750 0.704328 0.071934 0.417169
2 0.329599 0.697233 0.079009 0.391628
3 0.771816 0.688719 0.062500 0.340546
3 0.262382 0.708585 0.069575 0.346222
4 0.817217 0.667435 0.047170 0.320681
4 0.215802 0.681625 0.054245 0.258248
5 0.857311 0.650408 0.058962 0.297978
5 0.166274 0.661760 0.066038 0.258248
6 0.907429 0.603583 0.060142 0.249734
6 0.107311 0.631962 0.066038 0.227031