0 0.548349 0.317986 0.139151 0.421666
0 0.404481 0.333154 0.143868 0.403464
1 0.668632 0.328604 0.101415 0.339759
1 0.278302 0.360456 0.103774 0.324592
2 0.751179 0.348322 0.063679 0.330659
2 0.192807 0.374107 0.067217 0.339759
3 0.796580 0.363490 0.050708 0.276054
3 0.143278 0.389275 0.048349 0.273021
4 0.110849 0.405959 0.037736 0.209316
5 0.074882 0.401409 0.034198 0.212350
0 0.511792 0.618309 0.080189 0.373129
0 0.431604 0.612242 0.080189 0.354927
1 0.594929 0.628927 0.083726 0.315491
1 0.346108 0.616792 0.090802 0.315491
2 0.679245 0.644094 0.084906 0.376162
2 0.265330 0.642578 0.073113 0.336726
3 0.748231 0.634994 0.057783 0.242685
3 0.198113 0.663813 0.056604 0.239652
4 0.790094 0.597074 0.042453 0.178980
4 0.152712 0.639544 0.034198 0.209316
5 0.831958 0.525785 0.050708 0.212350
5 0.094929 0.622859 0.081368 0.224484
6 0.863797 0.462080 0.055425 0.212350