0 0.695755 0.269245 0.216981 0.538489
0 0.490566 0.267525 0.216981 0.529612
1 0.872052 0.229216 0.142689 0.458432
1 0.316038 0.216899 0.153302 0.433798
2 0.971108 0.204583 0.057783 0.409165
2 0.181014 0.204583 0.119104 0.409165
3 0.070755 0.127604 0.096698 0.255208
0 0.656250 0.801576 0.123821 0.396848
0 0.530660 0.807734 0.129717 0.384532
1 0.781840 0.796957 0.129717 0.406086
1 0.398585 0.809273 0.134434 0.381453
2 0.908608 0.772324 0.145047 0.455352
2 0.262382 0.776942 0.137972 0.446115
3 0.117335 0.715540 0.147406 0.446475
4 0.049528 0.567741 0.099056 0.378734
3 0.969340 0.661655 0.061320 0.301756