0 0.561321 0.343509 0.146226 0.481113
0 0.408019 0.343509 0.160377 0.496633
1 0.679835 0.330576 0.093160 0.455247
1 0.279481 0.338336 0.091981 0.439727
2 0.772995 0.306003 0.093160 0.519912
2 0.191038 0.311176 0.084906 0.499219
3 0.841392 0.302123 0.071934 0.387994
3 0.125590 0.344802 0.064858 0.385408
4 0.896226 0.308590 0.056604 0.333675
4 0.080778 0.347389 0.043632 0.318155
5 0.939858 0.322816 0.056604 0.294876
5 0.041863 0.330576 0.031840 0.269009
0 0.535967 0.691410 0.090802 0.390581
0 0.441627 0.687531 0.097877 0.393167
1 0.629717 0.728917 0.096698 0.465593
1 0.342571 0.718570 0.097877 0.424207
2 0.715212 0.754783 0.100236 0.460420
2 0.244104 0.728917 0.096698 0.465593
3 0.792453 0.669424 0.073113 0.356955
3 0.182193 0.718570 0.060142 0.382821
4 0.850825 0.653904 0.062500 0.305222
4 0.133255 0.666838 0.058962 0.258663
5 0.910967 0.571132 0.062500 0.196584
5 0.090802 0.639678 0.044811 0.245730
6 0.056604 0.580185 0.021226 0.121572