0 0.686321 0.217186 0.250000 0.434372
0 0.447524 0.245312 0.215802 0.490624
1 0.883255 0.209686 0.141509 0.419372
1 0.271816 0.204061 0.133255 0.408121
2 0.976415 0.194685 0.047170 0.389370
2 0.149175 0.190935 0.112028 0.381870
3 0.056604 0.157184 0.070755 0.314368
4 0.011203 0.100609 0.022406 0.187507
0 0.623821 0.784689 0.139151 0.430622
0 0.483491 0.779386 0.136792 0.397516
1 0.767099 0.741884 0.145047 0.345013
1 0.359080 0.745635 0.130896 0.427517
2 0.891509 0.685632 0.103774 0.352514
2 0.239387 0.704383 0.106132 0.510020
3 0.970519 0.638755 0.058962 0.371265
3 0.137382 0.631255 0.100236 0.476269
4 0.068986 0.515001 0.086085 0.476269
5 0.022406 0.451248 0.044811 0.393765