0 0.596108 0.687182 0.227594 0.539381
0 0.377948 0.695803 0.206368 0.536918
1 0.777123 0.694571 0.158019 0.396531
1 0.205778 0.735209 0.137972 0.413771
2 0.909788 0.743830 0.128538 0.460567
2 0.077241 0.801708 0.121462 0.394068
3 0.977005 0.720432 0.045990 0.349735
3 0.014741 0.795551 0.029481 0.288162
0 0.501769 0.211838 0.135613 0.357124
0 0.370873 0.225384 0.126179 0.339884
1 0.633844 0.225384 0.147406 0.354661
1 0.242925 0.259865 0.127358 0.315254
2 0.781250 0.252476 0.147406 0.364513
2 0.117925 0.323901 0.120283 0.364513
3 0.886203 0.282031 0.100236 0.231515
3 0.041863 0.396557 0.081368 0.258607
4 0.964033 0.344836 0.069575 0.194571