0 0.738208 0.431866 0.212264 0.402516
0 0.527123 0.418239 0.209906 0.421384
1 0.910967 0.414046 0.133255 0.358491
1 0.350236 0.365828 0.136792 0.383648
2 0.219340 0.345912 0.127358 0.419287
3 0.112618 0.366876 0.083726 0.339623
4 0.051887 0.403564 0.040094 0.266247
5 0.015330 0.377358 0.030660 0.247379
0 0.683373 0.668763 0.126179 0.310273
0 0.555425 0.664570 0.125000 0.301887
1 0.815448 0.699161 0.123821 0.320755
1 0.418042 0.664570 0.145047 0.318658
2 0.938090 0.741090 0.121462 0.379455
2 0.287736 0.637317 0.117925 0.482180
3 0.183373 0.658281 0.119104 0.306080
4 0.104953 0.641509 0.096698 0.280922
5 0.036557 0.615304 0.073113 0.199161