0 0.633844 0.296894 0.187500 0.533803
0 0.448113 0.298196 0.188679 0.546823
1 0.792453 0.261742 0.148585 0.447874
1 0.287736 0.276063 0.129717 0.502556
2 0.914505 0.307310 0.093160 0.341113
2 0.192217 0.335953 0.091981 0.361944
3 0.976415 0.304706 0.047170 0.283827
3 0.125590 0.309914 0.069575 0.351529
4 0.081958 0.287781 0.050708 0.302054
5 0.042453 0.218777 0.028302 0.257788
0 0.594340 0.814447 0.115566 0.371106
0 0.472877 0.818980 0.127358 0.354133
1 0.341392 0.820957 0.135613 0.358086
1 0.717571 0.800125 0.126179 0.399749
2 0.840802 0.789710 0.122642 0.420580
2 0.220519 0.815749 0.106132 0.368502
3 0.927476 0.751278 0.107311 0.406211
3 0.142689 0.773411 0.087264 0.361944
4 0.962854 0.651027 0.074292 0.299450
4 0.101415 0.691388 0.080189 0.286431
5 0.061321 0.584627 0.051887 0.239560
7 0.031250 0.417977 0.048349 0.156235