0 0.611439 0.280804 0.187500 0.535521
0 0.419811 0.272929 0.195755 0.519770
1 0.765330 0.266366 0.139151 0.501395
1 0.250000 0.237490 0.141509 0.464643
2 0.888561 0.259803 0.126179 0.493519
2 0.123821 0.224364 0.129717 0.443642
3 0.962264 0.271616 0.075472 0.396390
3 0.038915 0.240115 0.077830 0.401641
0 0.563679 0.837285 0.127358 0.325430
0 0.441627 0.839910 0.114387 0.320180
1 0.691038 0.837285 0.129717 0.325430
1 0.323703 0.841222 0.121462 0.317555
2 0.816038 0.824159 0.117925 0.351682
2 0.202241 0.832034 0.119104 0.335931
3 0.912146 0.779573 0.093160 0.315012
3 0.110849 0.758573 0.113208 0.299262
4 0.955189 0.729696 0.089622 0.278261
4 0.051887 0.675882 0.103774 0.280886