0 0.553656 0.407319 0.135613 0.353653
0 0.422759 0.418294 0.128538 0.360970
1 0.663325 0.389026 0.086085 0.292678
1 0.307783 0.389026 0.099057 0.292678
2 0.749410 0.347563 0.086085 0.307312
2 0.211675 0.356100 0.093160 0.304873
3 0.818986 0.319515 0.048349 0.290239
3 0.133255 0.332930 0.061321 0.273166
4 0.859670 0.307320 0.030660 0.207314
4 0.093750 0.313418 0.029481 0.190241
5 0.889151 0.263418 0.033019 0.212192
5 0.066627 0.282930 0.022406 0.178046
6 0.915684 0.215858 0.020047 0.146339
6 0.043632 0.242687 0.025943 0.175607
0 0.505896 0.799995 0.082547 0.241460
0 0.417453 0.784142 0.089623 0.239021
1 0.590802 0.780483 0.089623 0.251215
1 0.326061 0.769508 0.097877 0.263410
2 0.683373 0.747557 0.100236 0.282922
2 0.240566 0.712192 0.094340 0.251215
3 0.762382 0.684143 0.083726 0.248776
3 0.164505 0.685363 0.079009 0.236582
4 0.814269 0.631705 0.079009 0.226826
4 0.087264 0.641461 0.080189 0.217070
5 0.867925 0.571950 0.082547 0.195119
5 0.045991 0.506097 0.066038 0.156095
6 0.892689 0.469513 0.056604 0.102437