0 0.555425 0.440642 0.122642 0.352940
0 0.432783 0.469519 0.122642 0.352940
1 0.662146 0.387701 0.088443 0.311229
1 0.321344 0.432621 0.100236 0.336897
2 0.736439 0.347594 0.064858 0.263101
2 0.232901 0.382888 0.076651 0.327272
3 0.792453 0.318717 0.075472 0.224598
3 0.173939 0.344385 0.060142 0.250267
4 0.843160 0.307487 0.051887 0.150802
4 0.133844 0.323530 0.036557 0.195721
5 0.880307 0.283423 0.055425 0.166844
5 0.100236 0.270589 0.030660 0.179679
0 0.537146 0.868983 0.076651 0.240641
0 0.461085 0.873796 0.070755 0.243850
1 0.609670 0.844919 0.068396 0.237432
1 0.387382 0.857753 0.076651 0.237432
2 0.682193 0.798395 0.076651 0.227807
2 0.305425 0.798395 0.087264 0.240641
3 0.750590 0.726203 0.057783 0.179679
3 0.239387 0.735828 0.061321 0.179679
4 0.803066 0.645989 0.051887 0.134759
4 0.193986 0.665240 0.048349 0.160427
5 0.840802 0.554545 0.051887 0.118716
5 0.143868 0.601069 0.056604 0.134759