0 0.613208 0.295455 0.153302 0.532149
0 0.464033 0.287141 0.145047 0.528823
1 0.732311 0.282152 0.120283 0.498889
1 0.342571 0.288803 0.097877 0.465630
2 0.841981 0.254157 0.099057 0.508314
2 0.245283 0.267185 0.094340 0.522171
3 0.916863 0.302107 0.053066 0.365852
3 0.181604 0.260533 0.056604 0.435697
4 0.964033 0.247229 0.043632 0.382482
4 0.130896 0.235589 0.044811 0.412415
5 0.087264 0.208981 0.042453 0.259423
6 0.053656 0.112529 0.024764 0.206208
0 0.591392 0.819013 0.088443 0.361974
0 0.502358 0.817350 0.089623 0.365300
1 0.681604 0.822339 0.089623 0.355322
1 0.406840 0.817350 0.101415 0.365300
2 0.775943 0.799057 0.099057 0.401885
2 0.302476 0.800720 0.102594 0.398559
3 0.845519 0.716185 0.073113 0.342571
3 0.216981 0.774389 0.094340 0.365852
4 0.908608 0.646341 0.067217 0.249445
4 0.163915 0.694567 0.068396 0.272726
5 0.971698 0.566519 0.056604 0.216185
5 0.119104 0.581485 0.058962 0.226163
7 0.074882 0.448448 0.057783 0.166296