0 0.556604 0.360246 0.150943 0.442299
0 0.406840 0.367925 0.148585 0.451514
1 0.686910 0.355638 0.107311 0.426942
1 0.281840 0.351031 0.101415 0.417727
2 0.790094 0.360246 0.099057 0.393155
2 0.192807 0.332602 0.095519 0.399298
3 0.863797 0.351031 0.071934 0.356297
3 0.131486 0.334138 0.057783 0.322510
4 0.911557 0.338745 0.054245 0.282580
4 0.091981 0.327995 0.042453 0.254936
0 0.534198 0.788723 0.099057 0.396226
0 0.435142 0.793330 0.094340 0.393155
1 0.633255 0.781044 0.096698 0.411584
1 0.341981 0.761079 0.089623 0.402369
2 0.729953 0.764151 0.091981 0.365511
2 0.258255 0.727293 0.077830 0.347082
3 0.816038 0.724221 0.075472 0.328653
3 0.183962 0.673541 0.073113 0.258008
4 0.868514 0.668934 0.064858 0.248793
4 0.144458 0.578324 0.045991 0.153576