0 0.622642 0.221578 0.160377 0.443156
0 0.466392 0.221613 0.149764 0.443088
1 0.755896 0.186598 0.127358 0.373195
1 0.333726 0.195377 0.115566 0.390617
2 0.863797 0.177853 0.107311 0.355705
2 0.221698 0.176395 0.103774 0.352790
3 0.936910 0.123924 0.043632 0.247848
3 0.150354 0.131212 0.057783 0.262423
4 0.978184 0.075826 0.036557 0.151651
4 0.100236 0.090401 0.040094 0.180802
0 0.615566 0.819198 0.099057 0.308995
0 0.516509 0.827943 0.099057 0.303165
1 0.714623 0.810453 0.103774 0.326486
1 0.415094 0.797335 0.096698 0.288590
2 0.818396 0.746322 0.099057 0.355636
2 0.313679 0.731746 0.103774 0.285675
3 0.905071 0.644295 0.069575 0.221544
3 0.223467 0.645753 0.079009 0.236119
4 0.945165 0.489797 0.057783 0.151583
4 0.151533 0.551013 0.064858 0.169073
5 0.978774 0.367365 0.040094 0.116602
5 0.104953 0.408176 0.054245 0.163243
6 0.077241 0.269711 0.050708 0.107857
7 0.062500 0.151651 0.035377 0.116602