0 0.707547 0.282090 0.179245 0.564180
0 0.520637 0.278621 0.192217 0.557241
1 0.857311 0.252602 0.122642 0.505204
1 0.358491 0.233521 0.122642 0.467042
2 0.954009 0.250867 0.091981 0.501734
2 0.245283 0.223114 0.122642 0.446228
3 0.153302 0.221379 0.082547 0.442758
4 0.099057 0.239812 0.070755 0.426709
5 0.041863 0.205768 0.074292 0.411536
0 0.654481 0.823720 0.096698 0.352560
0 0.551887 0.821985 0.101415 0.356029
1 0.757665 0.828924 0.107311 0.342152
1 0.441627 0.823720 0.119104 0.352560
2 0.861439 0.832393 0.104953 0.335214
2 0.323703 0.816782 0.112028 0.366436
3 0.956958 0.825455 0.086084 0.349090
3 0.227005 0.820251 0.076651 0.359498
4 0.156250 0.809843 0.062500 0.380313
5 0.094929 0.782738 0.074292 0.416301
6 0.047170 0.682132 0.075472 0.374671