0 0.578420 0.259195 0.145047 0.426644
0 0.432783 0.255269 0.139151 0.397852
1 0.693986 0.247416 0.083726 0.382147
1 0.320755 0.230403 0.084906 0.363825
2 0.770637 0.252651 0.069575 0.387382
2 0.232311 0.235638 0.087264 0.358590
3 0.818396 0.310235 0.047170 0.266980
3 0.181014 0.272282 0.031840 0.259127
4 0.842571 0.342953 0.024764 0.159664
4 0.147406 0.269665 0.033019 0.191074
5 0.862618 0.320705 0.015330 0.109933
5 0.112028 0.301074 0.035377 0.112550
0 0.544222 0.721174 0.081368 0.340268
0 0.459906 0.722483 0.087264 0.342885
1 0.624410 0.710704 0.090802 0.361208
1 0.374410 0.713322 0.081368 0.355973
2 0.704009 0.712013 0.077830 0.390000
2 0.301297 0.677986 0.086085 0.379530
3 0.763561 0.697617 0.057783 0.277449
3 0.241745 0.657047 0.077830 0.264362
4 0.803656 0.672751 0.034198 0.243423
4 0.198113 0.591611 0.056604 0.206778
5 0.831368 0.608624 0.030660 0.141342
5 0.153302 0.569362 0.033019 0.151812