0 0.518868 0.705523 0.216981 0.540721
0 0.292453 0.721427 0.216981 0.528488
1 0.686910 0.706746 0.175708 0.504021
1 0.112618 0.715310 0.170991 0.516254
2 0.824882 0.712863 0.114387 0.530934
3 0.912146 0.665152 0.100236 0.386579
4 0.977005 0.705523 0.045990 0.340092
0 0.444575 0.336071 0.122642 0.403706
0 0.313090 0.328731 0.133255 0.389026
1 0.571934 0.306711 0.129717 0.462427
1 0.192217 0.301817 0.110849 0.349878
2 0.698113 0.301817 0.148585 0.374345
2 0.070165 0.292030 0.133255 0.447746
3 0.825472 0.315274 0.106132 0.264244
4 0.919811 0.393568 0.103774 0.283817
5 0.982311 0.437609 0.035377 0.176163