0 0.496462 0.537719 0.181604 0.627636
0 0.313090 0.537719 0.185142 0.603496
1 0.652712 0.531684 0.130896 0.555216
1 0.159198 0.545262 0.146226 0.534094
2 0.764151 0.563367 0.113208 0.564269
2 0.050708 0.557332 0.101415 0.540129
3 0.857901 0.554315 0.074292 0.467709
4 0.916274 0.579963 0.058962 0.380203
5 0.962264 0.649365 0.035377 0.277608
0 0.471108 0.160533 0.112028 0.168979
0 0.358491 0.156007 0.113208 0.171996
1 0.588443 0.204287 0.125000 0.190101
1 0.240566 0.201269 0.122642 0.190101
2 0.689269 0.226918 0.074292 0.162944
2 0.134434 0.234462 0.087264 0.159926
3 0.774764 0.269163 0.087264 0.175014
3 0.044811 0.278215 0.080189 0.120699