0 0.592571 0.312936 0.154481 0.468942
0 0.436321 0.316780 0.153302 0.461254
1 0.707547 0.323186 0.080189 0.381816
1 0.310142 0.321905 0.096698 0.394629
2 0.787146 0.302686 0.076651 0.386941
2 0.218160 0.291154 0.082547 0.399754
3 0.851415 0.312936 0.051887 0.325441
3 0.152123 0.302686 0.047170 0.345941
4 0.890920 0.300123 0.043632 0.274190
4 0.109670 0.298842 0.040094 0.276753
5 0.937500 0.280904 0.047170 0.256252
5 0.058962 0.283467 0.051887 0.292128
6 0.975825 0.234779 0.029481 0.164002
6 0.018868 0.225810 0.028302 0.151189
0 0.544222 0.819034 0.090802 0.338253
0 0.449292 0.812628 0.096698 0.351066
1 0.634434 0.795972 0.089623 0.312628
1 0.356722 0.790846 0.088443 0.302378
2 0.726415 0.813909 0.094340 0.338253
2 0.273585 0.789565 0.075472 0.345941
3 0.801887 0.757534 0.077830 0.287003
3 0.199882 0.751127 0.071934 0.269065
4 0.849057 0.705002 0.075472 0.233190
4 0.153892 0.689627 0.071934 0.212690
5 0.902123 0.642220 0.073113 0.189627
5 0.100825 0.646064 0.076651 0.207564
6 0.942807 0.560219 0.079009 0.158877
6 0.059552 0.573032 0.076651 0.169127