0 0.623231 0.373023 0.152123 0.393219
0 0.465212 0.379850 0.161557 0.401411
1 0.746462 0.371658 0.099057 0.368643
1 0.326651 0.345716 0.110849 0.371374
2 0.831368 0.330697 0.091981 0.352259
2 0.222877 0.332063 0.091981 0.365912
3 0.880896 0.303390 0.037736 0.324952
3 0.132665 0.278814 0.086085 0.341336
4 0.909788 0.250142 0.034198 0.305837
4 0.068986 0.255603 0.057783 0.229378
0 0.491745 0.834510 0.091981 0.327683
0 0.388561 0.788088 0.109670 0.333144
1 0.583137 0.826317 0.088443 0.316760
1 0.287736 0.764877 0.094340 0.341336
2 0.675118 0.790818 0.093160 0.333144
2 0.195165 0.745762 0.090802 0.308568
3 0.758844 0.773069 0.095519 0.357720
3 0.119693 0.677495 0.064858 0.275800
4 0.824292 0.741666 0.056604 0.256685
5 0.850825 0.672033 0.048349 0.243031
5 0.054835 0.575094 0.060142 0.191148
6 0.889741 0.614689 0.036557 0.204802
6 0.043042 0.468597 0.036557 0.098305