0 0.555425 0.554554 0.148585 0.427339
0 0.409788 0.572738 0.142689 0.451585
1 0.673939 0.539400 0.083726 0.403092
1 0.289505 0.578800 0.095519 0.439462
2 0.760613 0.501515 0.087264 0.448554
2 0.193396 0.518185 0.094340 0.481893
3 0.824882 0.439385 0.064858 0.378846
3 0.140920 0.531823 0.055425 0.242462
6 0.889741 0.345431 0.057783 0.239431
5 0.102005 0.503031 0.045991 0.203062
6 0.054835 0.425746 0.069575 0.272769
0 0.463443 0.813685 0.084906 0.309139
0 0.553066 0.810654 0.087264 0.290954
1 0.643278 0.772769 0.088443 0.275800
1 0.364976 0.803077 0.081368 0.300046
2 0.717571 0.731854 0.060142 0.206092
2 0.270047 0.810654 0.091981 0.309139
3 0.184552 0.801562 0.074292 0.248523
4 0.136792 0.743977 0.051887 0.181846
5 0.097288 0.684877 0.045991 0.154569
6 0.070755 0.643962 0.037736 0.103046