0 0.621462 0.332289 0.195755 0.639643
0 0.419222 0.315388 0.206368 0.616241
1 0.794222 0.273785 0.147406 0.527835
1 0.239387 0.249083 0.148585 0.488833
2 0.935731 0.259484 0.119104 0.504434
2 0.105542 0.234782 0.119104 0.465431
3 0.025354 0.278985 0.041274 0.267818
0 0.598467 0.808121 0.130896 0.374425
0 0.472877 0.799020 0.139151 0.392626
1 0.722877 0.808121 0.120283 0.379625
1 0.329599 0.773018 0.149764 0.429029
2 0.846698 0.804220 0.122642 0.356224
2 0.185731 0.782119 0.135613 0.426428
3 0.948703 0.739216 0.102594 0.330222
3 0.085495 0.723615 0.093160 0.361424
4 0.045401 0.656010 0.053066 0.189813
5 0.027123 0.545503 0.054245 0.166411