0 0.752948 0.378946 0.204009 0.430061
0 0.550708 0.396467 0.202830 0.426876
1 0.922170 0.292933 0.134434 0.391834
1 0.384434 0.316826 0.129717 0.420504
2 0.264151 0.291341 0.110849 0.375905
3 0.189269 0.272227 0.081368 0.369534
4 0.120873 0.200550 0.055425 0.283522
5 0.077241 0.138430 0.034198 0.203881
0 0.583726 0.772372 0.125000 0.407762
0 0.708726 0.759630 0.120283 0.401391
1 0.835495 0.697510 0.112028 0.379091
1 0.461085 0.726180 0.120283 0.404576
2 0.941627 0.603533 0.095519 0.344049
2 0.351415 0.689546 0.099057 0.407762
3 0.265920 0.616276 0.090802 0.273965
4 0.195755 0.535042 0.051887 0.175210