0 0.559552 0.335052 0.135613 0.472640
0 0.423939 0.342982 0.133255 0.456779
1 0.676297 0.308089 0.100236 0.399682
1 0.307783 0.327122 0.096698 0.412370
2 0.771226 0.304917 0.089623 0.380649
2 0.224057 0.317605 0.070755 0.393338
3 0.838443 0.277955 0.049528 0.326724
3 0.167453 0.293815 0.042453 0.307692
4 0.882665 0.281127 0.041274 0.326724
4 0.123821 0.262094 0.044811 0.237906
5 0.918042 0.263680 0.031840 0.234734
5 0.085495 0.260508 0.031840 0.190325
0 0.583726 0.628469 0.106132 0.215701
0 0.481132 0.628469 0.096698 0.222045
1 0.685731 0.596748 0.093160 0.228390
1 0.385024 0.631641 0.095519 0.241078
2 0.772406 0.565028 0.080189 0.241078
2 0.293042 0.623711 0.083726 0.225218
3 0.830778 0.539651 0.050708 0.209357
3 0.216392 0.596748 0.074292 0.209357
4 0.152712 0.552339 0.060142 0.241078
5 0.116156 0.503172 0.050708 0.218873