0 0.521226 0.498282 0.120283 0.419094
0 0.399175 0.496565 0.126179 0.415658
1 0.625590 0.457060 0.083726 0.412223
1 0.291274 0.455342 0.082547 0.374436
2 0.704599 0.445037 0.071934 0.388177
2 0.215802 0.426143 0.058962 0.336649
3 0.750000 0.445037 0.047170 0.250769
3 0.168632 0.403815 0.044811 0.285121
4 0.787146 0.431296 0.043632 0.223288
4 0.133255 0.357439 0.025943 0.247334
5 0.112028 0.295606 0.018868 0.144278
0 0.494104 0.749051 0.077830 0.137408
0 0.418042 0.754204 0.071934 0.113361
1 0.571344 0.725005 0.069575 0.164889
1 0.342571 0.723288 0.074292 0.161454
2 0.633844 0.709547 0.055425 0.113361
2 0.269458 0.649431 0.064858 0.130537