0 0.581368 0.384838 0.176887 0.475045
0 0.390920 0.377640 0.170991 0.477924
1 0.725236 0.406431 0.110849 0.431859
1 0.251179 0.384838 0.110849 0.440496
2 0.819575 0.451056 0.082547 0.405947
2 0.154481 0.390596 0.077830 0.411705
3 0.889741 0.468330 0.060142 0.290785
3 0.099646 0.436661 0.055425 0.279269
4 0.919811 0.465451 0.028302 0.164106
0 0.521226 0.661227 0.101415 0.365640
0 0.417453 0.668425 0.106132 0.368519
1 0.630896 0.734643 0.110849 0.374278
1 0.307783 0.728885 0.115566 0.385794
2 0.734670 0.733204 0.096698 0.377157
2 0.208137 0.731764 0.083726 0.380036
3 0.818396 0.726006 0.070755 0.282148
3 0.136792 0.694336 0.058962 0.224567
4 0.866745 0.690018 0.037736 0.169864