0 0.618514 0.455916 0.142689 0.385002
0 0.481132 0.444160 0.132075 0.367369
1 0.741156 0.438282 0.102594 0.320345
1 0.366745 0.433874 0.096698 0.305651
2 0.837264 0.414771 0.091981 0.349735
2 0.275943 0.417709 0.082547 0.296834
3 0.911557 0.354522 0.056604 0.329162
3 0.211085 0.401545 0.044811 0.282139
4 0.962264 0.300152 0.047170 0.290956
4 0.172759 0.353053 0.031840 0.243933
5 0.142689 0.301621 0.028302 0.199848
6 0.123231 0.301621 0.027123 0.176337
0 0.616156 0.696910 0.088443 0.279200
0 0.524764 0.704257 0.094340 0.288017
1 0.706368 0.685154 0.089623 0.302712
1 0.427476 0.688093 0.097877 0.308590
2 0.800118 0.680745 0.095519 0.299773
2 0.332547 0.691032 0.089623 0.314467
3 0.885613 0.633722 0.075472 0.264505
3 0.254717 0.642539 0.066038 0.258627
4 0.949882 0.572004 0.071934 0.246872
4 0.197524 0.591107 0.048349 0.185154
6 0.144458 0.510286 0.057783 0.158703