0 0.587854 0.383801 0.140330 0.464795
0 0.452241 0.393352 0.130896 0.464795
1 0.704009 0.358333 0.091981 0.413859
1 0.335495 0.394943 0.097877 0.417042
2 0.783019 0.326498 0.066038 0.375657
2 0.240566 0.356741 0.091981 0.442511
3 0.839033 0.321722 0.048349 0.276967
3 0.160967 0.310580 0.064858 0.331087
4 0.879127 0.289887 0.043632 0.206929
4 0.122052 0.302621 0.029481 0.194195
5 0.086085 0.280336 0.040094 0.162360
0 0.545401 0.713297 0.081368 0.327904
0 0.461085 0.722847 0.087264 0.327904
1 0.632665 0.691012 0.093160 0.334271
1 0.373821 0.716480 0.084906 0.327904
2 0.705778 0.673502 0.076651 0.305619
2 0.291863 0.703746 0.081368 0.334271
3 0.770637 0.641667 0.055425 0.235581
3 0.224646 0.641667 0.053066 0.241948
4 0.814269 0.555712 0.038915 0.197379
4 0.179245 0.563671 0.049528 0.162360
5 0.856722 0.484082 0.038915 0.130525
5 0.128538 0.492041 0.051887 0.159177