0 0.584316 0.352972 0.121462 0.392966
0 0.457547 0.354309 0.129717 0.400985
1 0.685142 0.331586 0.077830 0.371580
1 0.351415 0.344952 0.080189 0.366233
2 0.750000 0.346289 0.070755 0.342174
2 0.273585 0.343616 0.075472 0.358214
3 0.800118 0.350299 0.050708 0.291383
3 0.208137 0.340942 0.055425 0.310095
4 0.840802 0.352972 0.049528 0.248611
4 0.156840 0.319557 0.049528 0.267324
5 0.885613 0.354309 0.042453 0.181780
5 0.109080 0.328913 0.045991 0.200493
6 0.915684 0.311537 0.017689 0.128315
6 0.076061 0.275448 0.020047 0.157721
0 0.553066 0.764650 0.073113 0.318115
0 0.478184 0.763314 0.076651 0.320788
1 0.626179 0.752621 0.073113 0.342174
1 0.400354 0.755294 0.079009 0.326135
2 0.697524 0.727225 0.067217 0.328808
2 0.320165 0.751284 0.076651 0.344847
3 0.755307 0.705839 0.069575 0.286036
3 0.252948 0.709849 0.083726 0.267324
4 0.793632 0.652374 0.040094 0.184453
4 0.207547 0.647028 0.068396 0.205839
5 0.828420 0.620296 0.055425 0.184453
5 0.153892 0.605593 0.076651 0.224552
6 0.860259 0.561484 0.050708 0.147028
6 0.104953 0.532079 0.054245 0.163067
7 0.889151 0.502673 0.037736 0.098910
7 0.077241 0.433169 0.036557 0.104256