0 0.806014 0.354047 0.208726 0.677757
0 0.590802 0.372501 0.219340 0.694533
1 0.954599 0.298686 0.090802 0.587166
1 0.396226 0.287746 0.169811 0.575492
2 0.250000 0.250839 0.120283 0.501678
3 0.152123 0.184608 0.073113 0.345589
4 0.058962 0.104886 0.117924 0.209772
1 0.854363 0.856529 0.161557 0.286942
0 0.696344 0.881693 0.156840 0.236614
0 0.549528 0.883371 0.136792 0.233258
2 0.968750 0.826332 0.062500 0.347336
1 0.418042 0.838879 0.128538 0.312037
2 0.289505 0.794457 0.128538 0.411086
3 0.196934 0.748287 0.087264 0.399273
4 0.119104 0.627499 0.091981 0.305326
5 0.058373 0.484901 0.069575 0.241577
6 0.027712 0.352370 0.045991 0.177827