0 0.610259 0.435888 0.135613 0.627378
0 0.469929 0.454206 0.140330 0.590743
1 0.724057 0.433599 0.089623 0.531211
1 0.345519 0.431309 0.103774 0.572425
2 0.795401 0.426730 0.067217 0.526631
2 0.250000 0.435888 0.089623 0.554108
3 0.846108 0.360328 0.038915 0.412146
3 0.185731 0.410702 0.062500 0.485417
4 0.881486 0.330562 0.029481 0.334296
4 0.133844 0.392384 0.034198 0.467099
5 0.092571 0.406122 0.043632 0.448781
0 0.577241 0.813689 0.083726 0.164858
0 0.487618 0.838876 0.095519 0.178597
1 0.395637 0.804530 0.086085 0.164858
1 0.661557 0.751867 0.075472 0.169438
2 0.314858 0.802241 0.073113 0.141961
3 0.248821 0.781633 0.058962 0.119064
4 0.193396 0.756447 0.056604 0.196914