0 0.570165 0.459233 0.140330 0.519404
0 0.428656 0.451683 0.142689 0.510345
1 0.692807 0.445644 0.100236 0.455989
1 0.307783 0.454703 0.096698 0.462028
2 0.791863 0.436584 0.093160 0.480147
2 0.212264 0.435074 0.091981 0.477127
3 0.866745 0.441114 0.056604 0.362375
3 0.145637 0.448664 0.074292 0.365395
4 0.912736 0.409406 0.037736 0.250643
4 0.092571 0.412426 0.045991 0.317078
5 0.949292 0.330892 0.037736 0.172128
5 0.054245 0.349010 0.033019 0.190247
0 0.534198 0.755172 0.089623 0.157029
0 0.445165 0.744603 0.090802 0.154009
1 0.629127 0.743093 0.097877 0.181188
1 0.351415 0.734034 0.099057 0.150990
2 0.711675 0.717425 0.067217 0.141930
2 0.272406 0.711385 0.056604 0.135891