0 0.634434 0.206059 0.181604 0.412118
0 0.455778 0.209994 0.175708 0.419988
1 0.768278 0.190319 0.119104 0.380638
1 0.320165 0.190448 0.093160 0.380382
2 0.886203 0.191631 0.114387 0.383262
2 0.228774 0.194383 0.089623 0.388252
3 0.953420 0.199630 0.041274 0.304305
3 0.160967 0.242915 0.045991 0.296435
4 0.987618 0.203565 0.024764 0.249216
4 0.132665 0.280953 0.034198 0.220359
0 0.599057 0.754462 0.110849 0.417108
0 0.492925 0.746592 0.099057 0.427601
1 0.709316 0.737411 0.109670 0.435471
1 0.400943 0.730852 0.113208 0.459081
2 0.808373 0.715112 0.126179 0.443341
2 0.300118 0.717736 0.088443 0.495808
3 0.890920 0.663958 0.093160 0.272825
3 0.231132 0.709866 0.075472 0.348902
4 0.941038 0.608868 0.061321 0.246592
4 0.183373 0.671828 0.038915 0.293812
5 0.145047 0.595751 0.035377 0.173139
5 0.985849 0.568206 0.028302 0.133789