0 0.564858 0.357820 0.139151 0.364422
0 0.424528 0.363342 0.139151 0.353379
1 0.682193 0.312267 0.093160 0.323011
1 0.299528 0.324691 0.106132 0.292642
2 0.770047 0.301224 0.082547 0.295403
2 0.202241 0.319169 0.086085 0.287121
3 0.821344 0.291561 0.055425 0.231905
3 0.139741 0.302605 0.064858 0.231905
4 0.859080 0.276377 0.045991 0.218101
4 0.099646 0.294322 0.048349 0.209819
5 0.893278 0.257052 0.022406 0.135278
5 0.065448 0.266715 0.029481 0.126996
0 0.533019 0.742948 0.084906 0.234666
0 0.444575 0.740187 0.094340 0.223623
1 0.621462 0.733285 0.089623 0.231905
1 0.348467 0.719482 0.093160 0.182211
2 0.711675 0.702917 0.086085 0.187733
2 0.261792 0.684972 0.080189 0.157364
3 0.774764 0.682211 0.066038 0.157364
3 0.193986 0.654603 0.057783 0.102149
4 0.808373 0.625615 0.062500 0.138039
4 0.158019 0.607670 0.051887 0.096627
5 0.842571 0.570400 0.048349 0.099388