0 0.714033 0.633611 0.175708 0.518539
0 0.519458 0.633611 0.192217 0.505814
1 0.873821 0.670195 0.139151 0.394471
1 0.357901 0.655880 0.123821 0.391290
2 0.964623 0.735410 0.070754 0.429465
2 0.244693 0.763520 0.095519 0.472960
3 0.162736 0.764041 0.070755 0.391290
4 0.093750 0.797444 0.064858 0.375384
5 0.044811 0.861068 0.033019 0.203598
0 0.688679 0.317080 0.115566 0.381746
0 0.567217 0.297993 0.122642 0.330847
1 0.807783 0.369570 0.110849 0.359478
1 0.432783 0.340939 0.120283 0.340391
2 0.922759 0.399792 0.116745 0.318122
2 0.314269 0.374342 0.109670 0.318122
3 0.216981 0.420470 0.082547 0.334028
4 0.145637 0.439557 0.060142 0.264041