0 0.574882 0.601137 0.140330 0.442115
0 0.397995 0.606917 0.149764 0.430556
1 0.699882 0.621365 0.107311 0.361205
1 0.271226 0.641592 0.101415 0.355426
2 0.795991 0.632923 0.084906 0.366984
2 0.186321 0.680602 0.063679 0.375653
3 0.874410 0.686382 0.067217 0.288964
3 0.123821 0.726837 0.058962 0.277405
4 0.925708 0.706609 0.033019 0.236950
4 0.081958 0.744174 0.036557 0.184937
5 0.971108 0.774516 0.055425 0.199385
5 0.048349 0.817860 0.030660 0.153151
0 0.522406 0.319398 0.082547 0.115586
0 0.437500 0.323732 0.084906 0.118475
1 0.611439 0.333846 0.088443 0.138703
1 0.349057 0.356963 0.082547 0.144482
2 0.696344 0.367077 0.081368 0.135813
2 0.271816 0.401752 0.071934 0.118475