0 0.552476 0.713517 0.161557 0.395130
0 0.391509 0.693884 0.158019 0.365679
1 0.679835 0.730697 0.095519 0.370588
1 0.258255 0.696338 0.106132 0.316595
2 0.766509 0.733151 0.080189 0.336229
2 0.153892 0.697565 0.100236 0.323957
3 0.821344 0.709836 0.050708 0.284690
3 0.077241 0.663206 0.076651 0.284690
4 0.869104 0.698792 0.044811 0.242968
4 0.019458 0.661979 0.038915 0.252785
5 0.909788 0.660752 0.034198 0.191429
0 0.502358 0.089862 0.099057 0.179724
0 0.398585 0.092599 0.108491 0.174250
1 0.602005 0.109779 0.097877 0.213517
1 0.290094 0.106097 0.108491 0.161979
2 0.686321 0.147819 0.089623 0.265056
2 0.197524 0.136775 0.102594 0.208609
3 0.753538 0.176043 0.070755 0.193884
3 0.109670 0.153955 0.096698 0.193884
4 0.797170 0.215310 0.070755 0.169341
4 0.043632 0.180951 0.075472 0.149708
5 0.864976 0.277893 0.071934 0.196338