0 0.633844 0.246952 0.159198 0.421291
0 0.477005 0.234641 0.154481 0.434970
1 0.768278 0.234641 0.104953 0.385728
1 0.339623 0.208652 0.115566 0.388463
2 0.870283 0.205546 0.099057 0.411091
2 0.235849 0.181296 0.117925 0.361107
3 0.936321 0.199078 0.068396 0.341957
3 0.173939 0.167618 0.076651 0.328279
4 0.979953 0.155307 0.040094 0.276301
4 0.134434 0.138522 0.051887 0.277044
5 0.103184 0.091019 0.031840 0.169611
0 0.540094 0.639519 0.089623 0.270830
0 0.454009 0.643622 0.080189 0.268094
1 0.635024 0.623105 0.097877 0.248945
1 0.372052 0.619001 0.083726 0.246209
2 0.737028 0.580702 0.106132 0.229795
2 0.294811 0.583438 0.070755 0.246209
3 0.829599 0.575231 0.076651 0.169611
3 0.238797 0.525989 0.060142 0.158668
4 0.902123 0.516414 0.063679 0.144990
4 0.196344 0.456229 0.060142 0.144990
5 0.951651 0.445287 0.058962 0.128576
5 0.154481 0.367321 0.063679 0.125840