0 0.635613 0.152870 0.176887 0.305740
0 0.441038 0.218229 0.212264 0.436457
1 0.793632 0.174657 0.139151 0.349313
1 0.268868 0.183734 0.132075 0.367468
2 0.909788 0.161948 0.095519 0.323896
2 0.140920 0.198626 0.119104 0.388518
3 0.979363 0.131084 0.041274 0.262168
3 0.056604 0.129269 0.094340 0.258538
0 0.596698 0.530864 0.134434 0.457507
0 0.464623 0.568989 0.127358 0.410304
1 0.734670 0.529048 0.162736 0.446614
1 0.329009 0.545388 0.141509 0.355839
2 0.856722 0.487291 0.081368 0.428459
2 0.215212 0.476398 0.083726 0.341315
3 0.947524 0.445535 0.100236 0.475662
3 0.116745 0.414671 0.110849 0.363101
4 0.039505 0.411040 0.062500 0.319529