0 0.543042 0.335942 0.154481 0.406517
0 0.392099 0.337393 0.149764 0.415228
1 0.675118 0.318519 0.107311 0.400709
1 0.268278 0.314164 0.097877 0.386191
2 0.780071 0.319971 0.100236 0.368769
2 0.173939 0.298194 0.083726 0.371672
3 0.850825 0.314164 0.069575 0.322310
3 0.115566 0.296742 0.061321 0.310695
4 0.900354 0.308356 0.053066 0.258428
4 0.076061 0.289483 0.038915 0.238103
0 0.520637 0.730843 0.102594 0.383287
0 0.422170 0.726488 0.089623 0.368769
1 0.620283 0.716325 0.099057 0.371672
1 0.329009 0.701806 0.089623 0.377480
2 0.716981 0.693095 0.089623 0.336828
2 0.241745 0.665510 0.077830 0.310695
3 0.803656 0.659703 0.079009 0.304887
3 0.170991 0.614696 0.077830 0.261332
4 0.856132 0.603081 0.061321 0.220680
4 0.129127 0.527585 0.050708 0.133570