0 0.509434 0.683649 0.198113 0.613152
0 0.316627 0.694017 0.182783 0.610190
1 0.672759 0.708827 0.126179 0.521327
1 0.155660 0.725118 0.134434 0.536137
2 0.790094 0.754739 0.108491 0.488744
2 0.044222 0.751777 0.086085 0.482820
3 0.879717 0.820350 0.070755 0.359300
4 0.941038 0.846564 0.054245 0.299171
5 0.980542 0.888033 0.038915 0.186611
0 0.508844 0.164840 0.121462 0.329680
0 0.385613 0.161878 0.120283 0.323756
1 0.624410 0.184538 0.107311 0.367299
1 0.263561 0.178614 0.121462 0.349526
2 0.734080 0.220083 0.109670 0.432464
2 0.149175 0.204828 0.119104 0.409656
3 0.831368 0.265995 0.108491 0.441351
3 0.044222 0.235930 0.086085 0.471860
4 0.897406 0.362263 0.080189 0.373223
5 0.954599 0.494076 0.090802 0.311019