0 0.472877 0.667099 0.183962 0.548428
0 0.295401 0.657102 0.173349 0.556997
1 0.624410 0.687094 0.119104 0.491300
1 0.159198 0.679953 0.134434 0.522720
2 0.735259 0.697091 0.102594 0.517007
2 0.057193 0.674240 0.107311 0.522720
3 0.808962 0.661386 0.061321 0.394182
4 0.858491 0.721371 0.073113 0.474161
5 0.909788 0.728512 0.057783 0.425603
6 0.942217 0.738509 0.033019 0.342767
0 0.448113 0.210076 0.113208 0.359906
0 0.341981 0.232927 0.099057 0.411321
1 0.560142 0.250066 0.110849 0.422746
1 0.238208 0.231499 0.103774 0.419890
2 0.667453 0.278629 0.106132 0.399895
2 0.138561 0.220073 0.088443 0.391326
3 0.764151 0.297196 0.084906 0.408464
3 0.059552 0.270060 0.100236 0.371331
4 0.826061 0.348611 0.062500 0.294209
5 0.893278 0.360037 0.069575 0.294209
6 0.948703 0.405739 0.041274 0.208517