0 0.570755 0.377178 0.122642 0.346357
0 0.449292 0.407884 0.120283 0.309511
1 0.678066 0.332962 0.087264 0.346357
1 0.341392 0.409112 0.093160 0.267751
2 0.760024 0.312083 0.074292 0.324249
2 0.253538 0.414025 0.084906 0.243187
3 0.821934 0.292431 0.049528 0.250556
3 0.185142 0.390689 0.054245 0.191602
4 0.866156 0.262954 0.036557 0.240731
4 0.135613 0.352614 0.040094 0.184233
5 0.906250 0.186805 0.038915 0.186689
5 0.091981 0.287518 0.042453 0.171950
0 0.545991 0.663353 0.087264 0.225992
0 0.459906 0.662125 0.080189 0.208797
1 0.632075 0.637560 0.084906 0.262838
1 0.375590 0.654755 0.088443 0.238274
2 0.709906 0.630191 0.070755 0.233361
2 0.300118 0.649843 0.062500 0.233361
3 0.777123 0.587203 0.061321 0.221079
3 0.233491 0.611768 0.070755 0.221079
4 0.830778 0.517195 0.048349 0.198971
4 0.178066 0.571237 0.044811 0.164581
6 0.880896 0.415253 0.042453 0.142473
6 0.130896 0.504913 0.044811 0.115452