0 0.577241 0.363553 0.128538 0.391682
0 0.440448 0.400474 0.137972 0.369209
1 0.685731 0.315396 0.086085 0.308209
1 0.318986 0.450237 0.102594 0.269683
2 0.765920 0.326632 0.076651 0.304999
2 0.236439 0.427764 0.088443 0.314630
3 0.821934 0.302554 0.061321 0.276104
3 0.179245 0.398869 0.058962 0.269683
4 0.860259 0.257606 0.038915 0.192631
4 0.146226 0.352317 0.025943 0.208683
5 0.895047 0.170923 0.042453 0.199052
5 0.119693 0.284896 0.041274 0.208683
0 0.541863 0.678183 0.086085 0.276104
0 0.456958 0.711894 0.081368 0.253630
1 0.626179 0.642868 0.084906 0.263262
1 0.375590 0.686210 0.079009 0.253630
2 0.711085 0.613973 0.084906 0.224736
2 0.295991 0.692631 0.080189 0.221525
3 0.775943 0.554579 0.061321 0.221525
3 0.225825 0.647683 0.060142 0.215104
4 0.820755 0.509632 0.047170 0.138052
4 0.187500 0.609157 0.042453 0.131631