0 0.578420 0.366492 0.154481 0.410600
0 0.411557 0.348859 0.153302 0.390447
1 0.697524 0.345081 0.086085 0.387928
1 0.284788 0.346340 0.093160 0.350143
2 0.786557 0.316112 0.094340 0.420676
2 0.198113 0.304776 0.082547 0.403043
3 0.847288 0.317371 0.055425 0.362738
3 0.138561 0.283365 0.053066 0.370295
4 0.888561 0.297219 0.031840 0.307320
4 0.099057 0.254396 0.030660 0.302282
5 0.921580 0.239282 0.034198 0.241826
5 0.066038 0.185123 0.042453 0.219154
0 0.541274 0.780870 0.082547 0.337548
0 0.455778 0.754421 0.088443 0.340067
1 0.623231 0.780870 0.083726 0.367776
1 0.370283 0.748123 0.084906 0.332510
2 0.710495 0.778351 0.088443 0.362738
2 0.277123 0.755680 0.096698 0.377852
3 0.787146 0.749383 0.081368 0.324953
3 0.202241 0.702781 0.086085 0.312358
4 0.830189 0.695224 0.061321 0.267016
4 0.151533 0.652400 0.074292 0.282130
5 0.882075 0.620913 0.042453 0.209078
5 0.096108 0.574311 0.069575 0.251902