0 0.551297 0.423649 0.166274 0.396531
0 0.382075 0.412566 0.169811 0.384216
1 0.694575 0.400252 0.120283 0.334958
1 0.241745 0.387937 0.108491 0.330032
2 0.801297 0.352224 0.121462 0.401457
2 0.131486 0.327595 0.109670 0.352198
3 0.874410 0.364539 0.069575 0.312792
3 0.061910 0.302966 0.067217 0.307866
4 0.932193 0.333753 0.064858 0.305403
4 0.019458 0.267254 0.038915 0.265996
5 0.981722 0.257402 0.034198 0.251218
0 0.479953 0.782005 0.101415 0.290625
0 0.377358 0.765996 0.103774 0.283236
1 0.586085 0.780774 0.108491 0.288162
1 0.277712 0.741367 0.095519 0.243830
2 0.696344 0.767227 0.109670 0.285699
2 0.178656 0.703191 0.097877 0.275848
3 0.781840 0.732746 0.087264 0.177331
3 0.113797 0.657627 0.067217 0.189645
4 0.847877 0.678562 0.070755 0.128072