0 0.540684 0.338840 0.152123 0.418685
0 0.390330 0.347147 0.150943 0.395424
1 0.668632 0.288996 0.101415 0.412039
1 0.261203 0.297303 0.104953 0.375487
2 0.765330 0.285673 0.087264 0.418685
2 0.165094 0.275705 0.084906 0.358873
3 0.821934 0.284012 0.058962 0.342258
3 0.114976 0.257429 0.060142 0.269154
4 0.869693 0.242476 0.050708 0.265831
4 0.073113 0.235830 0.042453 0.199374
0 0.508255 0.621286 0.094340 0.146207
0 0.413915 0.614640 0.084906 0.139562
1 0.600825 0.601348 0.088443 0.159499
1 0.324292 0.569781 0.082547 0.169468