0 0.710495 0.314930 0.194575 0.582773
0 0.505896 0.317555 0.214623 0.577523
1 0.873231 0.284742 0.130896 0.501395
1 0.322524 0.288679 0.145047 0.498769
2 0.969340 0.305742 0.061320 0.459393
2 0.188090 0.259803 0.121462 0.514520
3 0.093160 0.289992 0.096698 0.422642
4 0.025943 0.266366 0.051886 0.385890
0 0.662146 0.874036 0.119104 0.251928
0 0.537736 0.879286 0.127358 0.241427
1 0.789505 0.867473 0.130896 0.265053
1 0.386203 0.864889 0.170991 0.254635
2 0.914505 0.842576 0.121462 0.294011
2 0.269458 0.854389 0.133255 0.275636
3 0.174528 0.828138 0.103774 0.317637
4 0.107901 0.745447 0.093160 0.257260
5 0.034198 0.632568 0.058962 0.199508