0 0.542453 0.313791 0.132075 0.336483
0 0.408608 0.292556 0.128538 0.378952
1 0.650943 0.264788 0.084906 0.297281
1 0.298939 0.279489 0.090802 0.326683
2 0.719340 0.259888 0.068396 0.261346
2 0.221698 0.279489 0.063679 0.300548
3 0.777123 0.219053 0.049528 0.153541
3 0.175708 0.259888 0.054245 0.228678
0 0.507075 0.704177 0.080189 0.365885
0 0.426887 0.697643 0.080189 0.359351
1 0.584316 0.686209 0.074292 0.362618
1 0.349646 0.689476 0.074292 0.356084
2 0.661557 0.668242 0.084906 0.411620
2 0.272995 0.686209 0.071934 0.356084
3 0.717571 0.602905 0.076651 0.333216
3 0.219340 0.619239 0.070755 0.307082
4 0.762382 0.516334 0.062500 0.251546
4 0.172170 0.557169 0.051887 0.254813
6 0.806014 0.449364 0.050708 0.196010
6 0.122052 0.470599 0.048349 0.186209
7 0.123231 0.351359 0.045991 0.130673