0 0.743514 0.612542 0.161557 0.380554
0 0.569575 0.609061 0.158019 0.327184
1 0.895047 0.611382 0.132075 0.350388
1 0.427476 0.655470 0.121462 0.341106
2 0.974646 0.635746 0.050708 0.297018
2 0.315448 0.679835 0.100236 0.343427
3 0.231132 0.715802 0.066038 0.262211
4 0.168042 0.715802 0.064858 0.252929
5 0.116156 0.715802 0.038915 0.192597
0 0.672170 0.138010 0.099057 0.266852
0 0.560731 0.127596 0.102594 0.255192
1 0.785377 0.142651 0.117925 0.239006
1 0.461675 0.144971 0.112028 0.285415
2 0.883844 0.187899 0.104953 0.213481
2 0.349057 0.165855 0.106132 0.266852
3 0.968750 0.281878 0.055425 0.155470
3 0.245873 0.269115 0.102594 0.194918