0 0.562500 0.396937 0.153302 0.538219
0 0.410377 0.379760 0.148585 0.564939
1 0.701061 0.402663 0.123821 0.488596
1 0.274175 0.421748 0.123821 0.450424
2 0.801297 0.398845 0.076651 0.480962
2 0.178066 0.404571 0.084906 0.553488
3 0.869104 0.406480 0.061321 0.396984
3 0.117335 0.440834 0.064858 0.389350
4 0.909788 0.370217 0.036557 0.332093
4 0.078420 0.431291 0.034198 0.309190
5 0.943396 0.305325 0.030660 0.255749
0 0.529481 0.788195 0.096698 0.366447
0 0.431014 0.780561 0.097877 0.328275
1 0.627948 0.771018 0.102594 0.370264
1 0.336085 0.784378 0.089623 0.290104
2 0.727594 0.750024 0.096698 0.328275
2 0.251179 0.750024 0.075472 0.267201
3 0.809552 0.717578 0.067217 0.278652
3 0.178656 0.730938 0.067217 0.229029
4 0.862028 0.700401 0.040094 0.198492
4 0.129127 0.688949 0.031840 0.175589
6 0.916274 0.576343 0.054245 0.209944