0 0.619104 0.484447 0.193396 0.587553
0 0.429245 0.468894 0.186321 0.563359
1 0.783019 0.513825 0.134434 0.508060
1 0.270637 0.479263 0.130896 0.501148
2 0.912146 0.595045 0.123821 0.559903
2 0.151533 0.541474 0.133255 0.577184
3 0.978184 0.569124 0.043632 0.328338
3 0.060731 0.560483 0.114387 0.456217
0 0.515330 0.130187 0.122642 0.259214
0 0.389151 0.124713 0.127358 0.249426
1 0.643278 0.122985 0.128538 0.245970
1 0.270047 0.135082 0.113208 0.270163
2 0.769458 0.163021 0.121462 0.290320
2 0.153892 0.197583 0.116745 0.290320
3 0.881486 0.223505 0.104953 0.286864
3 0.061910 0.258067 0.067217 0.252302
4 0.962854 0.327190 0.074292 0.279952