0 0.529481 0.466135 0.127358 0.412269
0 0.403302 0.446994 0.127358 0.426993
1 0.642689 0.451411 0.096698 0.365153
1 0.295991 0.432270 0.087264 0.338650
2 0.737618 0.466135 0.090802 0.341595
2 0.206958 0.382209 0.086085 0.368098
3 0.802476 0.480859 0.053066 0.306257
3 0.142689 0.371902 0.047170 0.294478
4 0.843750 0.495583 0.029481 0.223803
4 0.100236 0.367485 0.033019 0.232638
0 0.487618 0.682576 0.079009 0.144294
0 0.412146 0.670797 0.069575 0.120736
1 0.574882 0.691411 0.086085 0.197300
1 0.336085 0.636932 0.068396 0.141350
2 0.665684 0.716441 0.093160 0.188466
3 0.742925 0.701718 0.061321 0.135460