0 0.590802 0.289413 0.160377 0.505993
0 0.429245 0.295263 0.160377 0.494294
1 0.718160 0.298188 0.096698 0.406549
1 0.293042 0.308425 0.112028 0.421173
2 0.805425 0.290876 0.077830 0.462121
2 0.197524 0.296725 0.076651 0.462121
3 0.866745 0.340598 0.063679 0.333429
3 0.137972 0.331823 0.063679 0.333429
4 0.910967 0.340598 0.043632 0.298331
4 0.089623 0.340598 0.047170 0.286632
5 0.948703 0.331823 0.053066 0.280782
5 0.048349 0.324511 0.056604 0.301256
6 0.984080 0.296725 0.022406 0.228136
6 0.011792 0.295263 0.018868 0.184263
0 0.560731 0.672564 0.104953 0.459196
0 0.456958 0.666714 0.102594 0.459196
1 0.665094 0.688651 0.103774 0.403624
1 0.353774 0.681339 0.103774 0.424098
2 0.757075 0.684263 0.080189 0.476745
2 0.260024 0.693038 0.083726 0.453346
3 0.828420 0.676951 0.079009 0.409474
3 0.179835 0.647703 0.074292 0.327579
4 0.878538 0.628692 0.054245 0.242760
4 0.127358 0.622842 0.056604 0.225211
5 0.926887 0.595056 0.070755 0.198887
5 0.074882 0.587744 0.069575 0.184263
6 0.962264 0.552647 0.037736 0.114068
7 0.034788 0.526323 0.034198 0.078970
7 0.988208 0.445891 0.023584 0.087744