0 0.541274 0.450585 0.162736 0.550154
0 0.383844 0.463762 0.154481 0.536976
1 0.676887 0.460468 0.108491 0.438146
1 0.257665 0.478587 0.095519 0.388731
2 0.778302 0.422583 0.094340 0.474384
2 0.167453 0.419289 0.080189 0.480973
3 0.843160 0.356697 0.054245 0.309667
3 0.113208 0.325400 0.042453 0.273430
4 0.886203 0.333636 0.060142 0.309667
4 0.076061 0.269397 0.036557 0.266841
5 0.941627 0.206804 0.050708 0.240486
5 0.037736 0.160684 0.037736 0.227309
2 0.705189 0.735545 0.089623 0.401909
2 0.242925 0.705896 0.084906 0.395320
3 0.790094 0.691071 0.061321 0.273430
3 0.164505 0.649892 0.062500 0.263547
4 0.846698 0.653186 0.054245 0.316256
4 0.118514 0.572475 0.036557 0.207543
5 0.910377 0.549415 0.066038 0.319550
6 0.077241 0.452232 0.041274 0.164717